0.52447 2.13903
-4.83127 -0.13836
0.75757 4.48234
-3.23513 1.67333
-3.88147 1.37738
1.45802 1.74142
2.71808 2.78262
-3.88730 1.89786
-3.85328 0.83572
-2.97856 1.22780
2.35214 1.65568
3.33405 0.20291
-3.35514 2.17337
1.65896 3.51063
-1.78020 1.13219
-3.55934 3.18461
-3.72132 1.65104
-3.76824 1.86294
3.30888 2.89064
-5.36265 1.85529
-3.77450 3.34159
-3.35613 1.84778
-4.27980 1.92816
-2.48297 1.79479
-2.41046 1.33306
-4.31824 0.80105
-2.76181 2.05060
1.12977 4.35231
-4.35668 3.34586
-5.28889 1.20663
-3.29162 2.98952
-3.98222 2.38957
3.56071 3.65361
-2.32706 1.48396
-4.83493 0.81423
-3.76914 2.10874
1.17562 0.94672
-2.32543 2.00750
-4.76721 1.85928
-2.01641 2.53085
-3.84145 2.14249
-3.59432 2.98054
-6.43197 -0.95488
1.93802 2.78302
-3.60605 0.59728
1.48921 2.50669
-4.33788 0.14889
-1.34964 2.82248
-3.75872 1.54442
-4.14421 0.89542
-3.92879 1.45036
-2.13817 2.73461
2.33371 0.86577
2.62602 2.45137
2.44801 5.25851
-4.16493 1.90253
-2.99884 1.86199
-3.61435 1.97157
-2.58800 0.32515
-2.46186 1.79412
-4.02714 3.32174
-3.62208 1.11980
3.04576 1.84937
-2.84293 0.31360
-3.65737 2.22048
-2.71582 2.61861
-5.51611 1.23459
3.07409 2.57770
-3.99503 1.88109
-3.53061 2.27904
-3.84806 0.16398
-2.13450 1.75425
-3.20315 2.11560
-5.49299 1.43600
-3.19345 1.94728
-2.85492 1.45071
-2.15149 0.97234
-4.59097 1.52379
1.76851 5.31688
-3.72543 3.55456
2.04106 3.69207
-2.97655 1.22917
-4.81481 3.17477
-4.56115 0.63935
-3.50554 1.15996
0.42549 3.37242
-2.70693 1.29225
2.73209 2.75628
-3.69498 2.01713
1.37289 0.59423
-2.05746 0.39607
-3.63546 2.80204
-5.31562 3.03057
-4.32444 2.35645
-3.54399 2.02054
-3.17532 0.62829
-4.49832 2.24240
1.38763 1.07471
-4.23227 2.26097
-3.87345 1.21106
-4.81327 1.45314
2.24367 1.88933
-4.23834 0.95130
-2.56547 1.54469
-3.92198 2.07975
-4.40501 0.88387
1.38229 1.98046
-3.82036 0.30511
-4.32828 0.49002
-3.41873 0.47970
2.07986 1.81177
-5.16152 0.86562
2.91891 2.50237
-3.54671 1.71603
-2.92791 1.38315
2.87388 1.76106
-2.21006 2.95751
-2.90667 3.97594
-4.03069 2.70871
-4.16822 1.10243
-3.18656 0.30272
-3.78393 0.31418
-2.93408 1.05933
1.18505 3.08750
-3.40750 1.10305
-3.83394 2.10779
-3.23249 1.62998
-4.25140 0.16197
-3.26666 1.03207
-2.97601 2.03858
-2.33134 1.31584
-5.54487 2.56276
-3.14903 3.52619
-3.87898 3.18084
1.50475 3.19949
-3.37653 1.19908
-4.28467 2.01112
-3.50757 4.99096
-3.97325 2.80431
-2.84719 1.81720
-4.28556 0.97623
-3.75115 1.89199
-2.49855 0.52112
-3.33641 2.08169
0.52218 4.37536
-4.01381 1.30539
-5.02187 3.59032
-3.63532 1.06525
-2.63726 2.46969
-5.80511 2.17239
-3.64978 -0.21921
-1.92456 -0.12424
-3.70243 1.01334
-4.49753 2.03469
-3.62083 2.36773
-2.99300 0.75101
-3.86134 1.65255
-4.75040 2.26567
-4.32285 2.21574
-3.42673 0.33826
-3.15434 2.44929
-4.49678 0.78699
-3.62865 1.16317
2.11175 1.35155
-3.72227 2.23804
-3.12786 0.84061
-4.81802 1.53505
-2.46496 0.97243
1.37038 0.49202
-4.58414 0.19443
-4.09110 3.03860
-3.78876 0.42779
-3.72592 0.90897
-3.41663 2.07332
-2.99962 1.29194
2.37953 2.31609
-0.69813 4.29211
-1.98568 1.77256
-3.81641 2.40496
-3.23733 1.26650
-3.68275 0.22585
-3.32869 1.36698
-5.02906 1.10250
-3.46334 2.70629
-3.45615 1.80613
-4.15671 1.06425
-2.23389 1.39844
-3.95252 1.53794
0.90562 2.84858
1.11064 3.40432
-4.82184 2.38947
-3.39324 1.34975
-3.28374 2.32919
-3.12695 2.81332
2.65464 1.72502
-4.16675 2.11262
-3.04929 1.05379
-0.29694 3.44808
1.13650 2.44445
-3.37077 1.83147
-1.99548 1.26854
-1.84064 2.61074
3.00559 2.74425
-3.55191 1.21882
-4.40687 1.32907
-3.39448 1.96348
3.37703 2.14093
4.66069 2.55402
0.94319 2.53431
-4.87805 2.52098
0.85008 1.65470
-2.27756 0.21006
-3.41696 0.46673
-4.28598 2.09613
1.16991 2.59015
-4.15400 1.34025
-2.71651 1.27939
-3.98726 1.38719
-3.22974 0.44493
-4.45478 2.82293
-4.73378 1.61909
-1.91440 0.49751
-4.58427 -0.04219
-3.61117 1.56221
-3.25971 2.60391
-3.89993 0.74508
-2.07802 2.36585
2.30732 2.12289
-2.45182 0.58050
-3.87646 0.56119
-3.20092 1.06027
-4.12170 2.01158
-2.91400 2.62520
-3.46351 0.51064
2.46728 2.01391
0.02125 2.40361
-4.26591 1.91872
-4.58985 -0.57433
-2.99611 2.33705
-2.68517 2.28100
0.85536 1.88785
-2.86100 2.48957
-4.08478 1.71356
-3.34326 2.44597
-2.39995 1.14876
-3.08576 2.86707
-3.25129 -1.35668
-2.92405 1.07437
-4.27562 1.88956
-2.36165 0.60014
-3.36815 2.06913
-3.48392 0.78732
0.48815 1.09199
-4.91505 3.61600
-3.07187 0.59858
-4.62881 -0.51216
3.08532 2.13676
4.28506 2.91587
-4.50134 1.34651
-3.10024 2.26311
-2.41653 3.23354
-3.45516 1.97120
-3.65755 1.60457
-3.59289 1.12476
-3.81990 0.15499
-4.17565 1.25457
-3.27174 2.57522
-3.56851 2.35854
-3.24253 2.14903
-2.82715 1.84336
-3.65682 1.69694
-3.50536 1.01578
-3.30277 -0.21460
-1.16157 2.42777
-3.71713 0.95083
-3.20298 1.49052
-4.33886 2.03547
-4.15421 0.82147
-1.37415 -0.02584
-3.81888 1.73829
2.67572 1.82152
-2.19984 0.83012
-2.62827 1.89693
0.48756 1.25582
-2.96336 3.35409
-4.69115 1.91096
-4.40657 0.85182
-2.98635 0.85528
-3.42710 1.22377
-4.16839 1.87730
1.73634 3.62375
-2.81724 1.41292
2.71809 4.25573
-4.81995 3.57844
-3.20604 -0.02244
-4.05760 1.52276
0.77755 1.97701
-4.13073 2.67593
-2.29545 0.31493
-3.33917 0.77023
-4.33591 1.61600
0.32971 3.67454
-3.72182 1.52376
-3.13428 0.09309
0.63063 3.10660
-4.75628 0.64973
-1.86884 2.58384
-2.60554 2.51224
1.37082 5.15133
-3.09851 -0.18883
-3.45214 0.33805
-4.04889 2.18633
1.92373 3.00111
-4.18047 2.02771
-1.14288 1.01369
-3.41087 0.28141
-3.32794 1.30430
-3.84291 1.80310
-3.22368 2.49323
-2.17092 2.09233
-2.93508 2.01054
-4.40330 3.36333
-6.36163 1.60667
-2.86997 2.90300
-4.34881 1.13398
3.44653 2.63266
-3.97131 2.73921
2.37004 5.20417
-4.89100 3.46981
-2.48483 1.36316
-3.18650 -0.42387
-3.95383 1.40881
1.08459 3.36947
-3.06204 1.66203
-3.34604 1.28199
0.60814 2.16393
-3.67578 1.67635
1.23263 3.72210
-3.62280 2.18614
0.17348 3.20397
3.06707 2.27861
0.60121 1.92391
-2.64768 1.56123
-3.18154 0.54958
1.04474 2.19969
-3.41850 0.57819
-2.73161 1.84780
-1.47113 1.87083
-0.67473 1.38722
-4.41727 2.69267
-3.45465 2.19541
-5.69909 0.76639
-2.87661 0.87228
-4.04013 1.05838
-2.88744 1.16515
-3.23876 1.73413
-2.42164 3.11203
3.17759 2.77711
-4.69575 3.82041
-3.85438 3.05520
-3.45413 2.36730
-2.91998 2.71799
-2.75945 -0.06741
2.85376 2.76281
-3.47184 1.02878
0.63936 3.06815
-2.79581 1.19464
-3.61922 2.47449
2.33070 4.25002
-3.99472 3.56142
-1.90501 0.10652
1.89253 0.94252
-4.76395 2.49600
0.06729 4.05385
-2.98359 1.42539
1.96773 0.60854
-3.07433 1.35267
2.21874 2.51435
-4.12397 1.22927
-3.38454 2.24732
-5.23847 -0.06610
-2.51248 1.23712
2.47465 6.07073
-3.75018 0.57332
2.47269 3.77684
-2.16114 2.15144
-2.67049 3.11725
-4.27321 0.12104
-2.77103 -0.04093
-2.83950 2.35516
-3.68666 0.71821
-2.55374 -0.54663
-3.31464 0.92772
-2.80588 2.32028
-3.64437 1.62762
2.36933 0.86064
-4.57127 0.09433
-3.06092 1.28833
-3.55808 2.17404
-3.16945 2.04384
-3.83727 1.40497
-5.15906 2.48680
-2.96203 0.24438
-1.08279 1.93358
-4.45945 0.96531
-4.06873 0.93031
-3.91323 1.04297
-4.35713 0.26491
1.35605 1.92535
-1.85018 1.21093
-3.84947 2.23741
-4.64040 1.44171
-1.05588 1.62090
-4.33308 2.19796
1.56798 1.61648
2.20211 3.22960
-3.92685 3.34454
1.85110 2.92907
-4.79913 2.24635
-4.32277 2.66611
-2.92387 0.21105
0.25288 1.09285
-5.12753 1.77394
3.59288 0.88133
-2.78377 2.31993
-4.65783 2.99452
-3.39095 1.34527
-3.44340 1.17541
-3.26987 1.92887
0.11476 2.67048
-4.02958 1.27586
-4.44477 1.44467
-3.40569 2.06153
-3.18206 2.24791
-2.97611 3.18503
-1.74373 2.49515
-4.13409 -0.54334
0.73944 2.04102
-5.15727 3.22773
-3.67688 1.90273
-5.13582 1.47537
-1.97317 1.64991
-2.00827 1.98727
-3.71209 2.43857
-3.96579 2.84345
-4.45780 1.10481
-3.52830 -0.03103
-3.82683 1.58809
-0.18446 2.68994
-3.03542 0.85905
-3.91132 0.75917
1.62013 1.32618
-4.83362 3.42687
-3.03477 2.94351
-2.46383 2.60498
-3.40493 2.12622
2.08259 1.96463
-3.17445 1.36263
4.59367 1.76981
1.77691 2.42698
-2.73432 1.93118
-3.08578 1.51917
-4.90325 2.06295
-3.61838 0.63969
2.36235 3.47690
1.33676 3.27515
-3.84188 0.39624
-3.56782 0.55138
-5.07754 0.30674
-4.91353 2.21589
-2.95385 1.31444
-3.07290 1.27893
-2.53478 2.36220
-2.13922 1.92085
-4.90329 2.64793
-3.69986 2.18834
-5.25497 0.67665
-4.18087 1.98110
-1.74021 1.08670
-3.07307 0.50800
-4.39835 3.82014
3.02051 1.09103
-3.28353 1.62064
2.54504 4.08700
-3.35200 2.39900
-3.13744 2.10480
-3.31521 1.48563
-2.32901 0.56427
2.77210 3.05616
-4.28509 1.86370
-3.50404 2.16012
2.31468 2.10581
-0.29353 3.92243
-4.08739 2.63150
-3.44733 1.35211
-2.65624 -0.71872
-2.28182 3.54335
-2.49816 1.00446
-3.33862 1.81326
-3.55533 2.97352
-5.20855 1.14216
-3.03044 -0.29342
1.24857 4.60586
-3.28785 2.60700
-3.98455 1.76499
1.92975 2.46022
-2.78507 2.02382
-3.65413 3.33521
-2.80859 1.71894
-2.44214 -0.00684
-2.31133 1.72649
-4.31692 1.21639
2.95993 2.28332
-5.36724 0.11959
-4.64467 3.26684
-2.20310 1.54105
-3.48656 0.70908
-3.49444 1.06903
0.74373 1.82881
-2.69640 1.81742
-2.70050 1.83788
-0.02369 2.64835
0.59410 0.73632
-4.30408 2.79385
-3.76639 0.98753
-3.64013 1.93240
2.23930 3.48441
1.91187 0.23454
-2.54238 3.30987
-2.65671 -0.34490
0.63829 3.77069
-3.87769 1.27186
0.04276 1.22702
-3.18625 1.27889
-3.24049 0.96825
-3.77654 1.16149
-2.17867 1.28226
-3.67545 2.24143
-3.39855 1.44466
2.24343 1.15692
-3.08056 0.92135
-3.19640 2.97010
-4.05489 1.82668
-2.79551 0.52017
-2.99791 3.12226
-3.18978 3.99465
-3.33514 1.46223
-3.89136 1.96121
-2.01631 1.09417
-3.68205 0.85733
-1.62905 1.80413
1.70312 1.77902
-3.62537 2.21448
-4.63373 2.92995
-2.25028 2.51026
2.93356 1.35923
0.82464 2.73617
-3.30406 0.27290
-3.03699 1.72326
-4.31622 1.76471
-4.03700 1.84553
-3.54776 0.06852
-3.75967 1.92934
-4.42098 2.68777
1.51004 2.38172
-2.48895 2.00822
-4.59528 0.88713
-2.20260 0.70800
-4.56316 2.28958
-4.00586 1.48800
-2.60696 1.30971
-2.94388 0.09499
-3.25630 2.37282
-3.76888 2.74594
-6.11680 -0.17296
0.67692 1.03257
-6.01521 -0.44021
3.11494 0.51899
-3.70280 2.61342
-2.07654 1.56464
1.51750 3.27156
-3.42019 1.84140
-3.50063 3.23281
2.45749 1.54782
-5.79348 1.32852
2.18609 1.45507
-2.14419 0.84825
-3.26524 1.94655
-2.36332 2.29392
1.25661 2.34047
-3.65482 0.24638
0.93865 2.94756
-4.95843 2.25213
3.76587 0.16847
-3.66558 3.49305
-2.17728 2.43511
3.41305 2.28916
-3.51197 1.22681
2.03671 1.80006
1.57457 2.85392
2.08021 4.89235
-3.28533 1.26451
-4.83486 1.72588
-3.37436 1.83088
-2.43987 1.20145
2.39634 3.11329
-3.95463 1.60893
1.76469 1.25001
-2.62930 1.80988
-3.85091 0.66337
1.13483 4.13633
-2.98610 1.38531
-3.59946 -0.80973
0.68353 1.71719
-3.54994 1.89341
-1.64166 1.66920
-0.29389 2.61089
3.21801 5.59566
-2.74717 0.61597
-2.70657 2.32028
1.61422 -0.06994
2.05269 3.63663
-3.04748 2.57153
-2.05142 1.44702
-6.35837 1.49016
-2.43551 1.89031
0.77539 2.17192
-3.15134 2.64409
-2.55488 2.77684
-4.72115 0.84460
-3.84298 1.37378
-2.41117 2.35749
-5.26206 1.39034
-4.83997 2.16037
-3.01028 3.46841
-4.73127 -0.18986
2.59920 3.64720
-4.57918 0.72727
-3.31786 2.47585
-1.94598 1.94967
-3.35233 2.79964
-1.26804 2.54967
1.24265 0.12732
-4.32553 2.92139
-4.14931 1.77660
-3.93493 2.71268
-1.74901 1.18917
2.09080 3.99224
1.73824 2.12444
-3.39995 1.93914
-1.51474 1.58691
-3.71621 2.20301
1.52892 4.58643
-3.69185 1.06487
-4.13682 0.39475
1.87323 2.18223
-5.15948 0.88743
-3.93887 0.86891
-3.10585 1.45467
-3.31743 -0.12313
-3.36587 3.64880
-3.13037 2.62800
-2.25331 2.13452
1.55553 1.79218
-3.88361 2.30872
-2.64143 1.06689
1.18127 2.00868
-2.70968 1.62912
-3.16248 0.46524
-2.84506 1.56129
-3.05752 1.66824
-3.87364 2.62209
-1.34096 3.39135
-4.63582 3.00538
-1.87657 0.83578
-3.64223 2.05352
-4.61049 1.20230
1.62375 3.94892
-1.76076 0.94370
1.59059 3.04805
-2.81589 2.35520
3.19566 1.11651
-3.16429 2.25925
1.12165 2.77509
-2.47896 2.13615
-2.75236 1.06137
1.78605 3.54194
1.39089 1.46033
-3.37261 1.73219
-3.38543 2.22768
-3.61665 2.10263
-2.51795 2.55739
-3.60412 3.85235
-2.59542 3.38860
-3.90280 1.43142
2.53630 0.46463
-1.93350 1.83270
-3.64119 2.93264
-2.68312 2.75730
-3.30229 1.64940
-4.89854 0.70036
1.32551 3.57854
-4.96370 -0.97369
-3.32872 0.14016
-3.26910 2.67377
-2.51893 2.54354
-1.88870 2.13692
-2.34063 0.89019
-0.03662 1.52034
-4.80234 0.45456
-0.79486 2.62551
2.44140 3.25916
-2.47940 2.83535
-3.08673 2.70245
-4.68431 2.48817
-3.84989 2.33811
-4.32082 1.15532
-3.10077 2.51536
-3.55072 1.29274
2.13057 3.17810
-4.53781 -0.36281
-3.48016 3.00877
-2.01341 1.93351
-4.47271 1.29635
-7.48938 2.20767
-3.13340 1.12482
-3.26918 2.29373
-2.98563 1.85260
-4.61597 1.27606
-2.60881 0.77868
-3.48880 1.06378
1.14786 2.30421
-2.36339 2.73884
-3.84562 2.97102
-2.07246 1.09699
-4.53178 1.62982
-4.24601 1.68125
-2.34187 2.68955
-5.14651 3.46752
1.01405 4.95536
-0.47872 0.92418
-4.35430 1.01720
2.33030 1.23591
1.76560 4.13283
-3.74974 0.72423
-0.23924 1.16520
-3.93350 0.75165
-4.45987 1.39224
1.45024 3.09991
2.49353 2.49380
-3.52913 2.10370
-3.12515 1.05958
-2.21549 1.44455
-3.83009 1.28289
-2.07063 1.05093
2.59441 3.17940
-3.82085 1.21369
-2.56824 1.70304
-3.22026 2.41380
-4.67005 1.03590
-3.88322 1.89968
-2.96363 2.57158
-3.88065 1.52603
-2.74994 2.90214
-2.75337 0.64511
-3.30789 -0.01476
0.95143 2.16346
-4.06029 0.99844
-3.21394 2.43115
1.89510 1.72352
-3.27548 0.05987
-2.95778 0.08903
1.12103 0.89799
-3.76835 1.97598
-3.70427 2.61680
-3.18796 0.53755
-5.18187 1.00899
-3.65954 1.02279
-3.45663 1.96106
3.03982 2.10524
-4.48810 2.75943
-3.68792 3.32924
-3.10844 1.93951
-3.65866 -0.06018
-3.02502 2.52006
-3.26816 1.04477
-2.00172 -1.09187
-3.71364 2.51587
-4.91154 0.43870
-4.20080 1.68604
1.40150 2.93922
-3.76750 0.81139
-3.54611 -0.49394
-3.93121 3.12694
-3.49796 3.10204
-3.67409 0.88789
1.90374 1.58762
-0.58235 1.06841
-3.01700 3.17339
-3.86578 1.57287
-4.55998 0.95161
-3.52152 1.26761
1.25978 5.57437
-3.24307 1.47415
-3.37069 1.66707
-3.76134 3.44744
-4.30407 0.77586
0.14997 3.67889
-3.25254 2.97125
-4.08344 1.23075
-2.80670 4.69875
2.39823 2.59171
-2.16921 1.30973
-3.41025 0.93616
-5.53605 -0.14881
1.96932 3.32979
0.49785 2.99248
-3.87244 0.92114
-3.29012 0.83325
-2.42142 1.37696
-2.46165 3.51203
-3.20640 0.62425
-2.85951 0.21509
-3.35777 3.58050
-4.19862 1.47834
-4.39349 0.66483
0.49978 0.30558
-3.12632 2.36197
-3.63739 2.81600
-5.14295 1.88952
-3.31768 2.21243
-3.32572 2.25293
1.50990 2.94728
-3.83084 1.16406
-1.76650 1.02707
-3.51343 1.38013
-2.63325 -0.49221
-4.61831 1.02043
-3.61326 0.30491
-5.78266 2.02622
3.07990 1.07286
-3.99007 1.33616
-3.85203 1.99904
-3.72158 1.80228
-5.00729 3.27874
2.00182 2.51860
-2.29650 0.22195
-4.18649 2.44107
2.91393 3.70540
-1.28546 -0.21611
2.30418 0.52355
-3.65627 2.67388
-3.14519 0.63272
-3.26628 2.07155
-3.51239 3.19715
-3.05745 2.02452
0.61355 0.71835
0.56204 2.49291
-2.80864 3.36622
3.69426 0.82102
-3.63840 1.85121
-4.87313 2.87576
-4.28569 2.01629
-3.79885 0.20406
-4.00451 2.60853
-0.37581 -0.78526
-2.98753 1.10666
-4.25161 0.45226
-4.16842 1.25411
1.83486 2.72502
-2.72239 1.13111
2.04825 3.57921
-4.35662 3.48961
-3.45532 1.13400
-4.46868 1.26073
-3.73755 1.47689
-3.34227 2.82875
-3.53944 0.01230
-1.46318 1.99192
-3.68817 0.29318
-2.62249 3.76027
-4.65361 1.15770
-3.92195 1.20659
2.50406 3.83506
-3.36660 1.23555
-2.16002 1.72437
-3.86306 1.95150
-3.05691 1.56441
1.51526 3.30325
-3.18503 1.22470
-3.51628 2.68635
3.14541 2.32318
-4.18620 0.76084
1.91700 3.83682
-4.00222 0.96816
-4.00832 2.49996
-3.43716 1.43015
-6.04914 2.38239
-4.97692 1.13094
-3.78225 2.68468
2.09717 2.09333
-3.92148 2.11240
-4.25919 2.61026
-3.20692 2.25403
-4.32941 2.31361
2.64376 3.56565
2.96457 5.21958
-2.14506 1.52896
-3.26873 1.54647
-2.88281 1.47071
-4.74620 2.46491
-2.09284 3.00343
-2.74830 1.53247
-3.46735 0.37597
-4.51634 2.22217
-3.60807 2.06241
-2.89587 1.74775
-1.79081 1.06481
-5.27666 0.78821
1.84004 2.16476
-4.53611 1.85987
-4.03484 1.41955
-4.15552 1.02518
-4.39531 0.03465
-2.76485 -0.00895
-3.69349 1.65301
1.86191 2.34586
-4.31165 -0.49871
-3.04067 1.98266
-5.26407 2.37857
-2.50695 0.98894
-3.66759 1.64375
-2.64421 0.70752
-2.81869 -0.82292
2.33454 1.82998
-3.59201 3.21736
-4.05410 0.20038
-3.80811 2.88159
-2.37502 0.20325
-3.89055 3.18398
2.06086 1.48124
-4.76982 2.15529
-3.38718 2.01997
0.40024 2.32263
-4.55952 2.33166
-2.17436 0.54759
-5.23420 1.69105
-2.99920 1.75796
2.63177 3.43433
-3.73307 2.35827
-4.40130 0.89997
-5.18264 1.66683
-2.57018 3.61280
-3.36233 3.76146
-4.18165 2.22406
-2.99219 1.13438
-0.15144 3.47018
-4.79070 2.69833
-3.25945 1.48998
1.93191 3.92921
-3.10186 2.10871
-4.73163 2.93571
-3.76362 0.78439
-2.87231 1.94825
-4.66912 1.52560
-3.31125 1.13899
-2.91439 1.66925
-4.16965 1.25014
2.98542 2.15200
-2.01242 0.71500
-2.48852 0.66851
-2.07756 3.32508
-2.81448 0.04338
-3.73682 0.43058
-3.10199 1.84130
-3.88622 1.85372
-4.83086 0.50791
-3.96676 2.75863
-3.45143 2.03808
1.98313 1.43412
-2.76853 1.06850
-4.60667 4.11131
-3.69175 2.01373
2.54770 3.29105
-2.46501 1.11534
-3.84240 0.42297
-2.80303 1.62775
-5.11366 0.30011
-3.48143 -0.40904
-3.65743 0.73668
-4.09283 3.78843
-4.44550 0.61397
-4.61695 2.65914
-3.42047 2.39797
-3.05169 1.00216
-4.58404 3.53857
-3.20924 2.86992
1.87729 3.17873
-3.47750 1.29883
-3.97069 1.48618
-3.60042 2.80712
-2.80651 1.24135
-4.41509 0.53620
3.46165 2.01832
-3.99222 2.01195
-4.36690 1.61938
2.37501 2.16352
-3.12984 0.28502
-3.05725 0.88909
-4.08857 2.76330
1.80925 4.35551
2.42230 4.44409
2.56451 5.74878
-3.83689 2.30827
-2.66174 1.15043
-3.17320 1.27154
0.93929 2.81803
-0.38150 4.14703
1.78620 1.38324
-3.87015 1.89440
1.95822 1.30367
-1.40361 1.56559
-2.90064 2.83395
-4.37581 0.74417
-2.82481 1.63423
-3.57132 2.48121
-3.48608 1.46681
-3.24677 2.01436
1.70001 2.40672
-3.84680 1.59389
-3.15191 1.45477
-2.48473 1.14542
-4.24372 3.64052
-5.37560 1.26770
2.69963 2.81152
1.20916 4.20487
-3.05779 2.23082
-3.95818 0.92471
-0.23350 3.41515
0.65193 2.53282
-3.89876 1.07305
-1.54655 2.55138
-4.06801 1.80089
-3.46108 2.80554
-4.25473 0.54727
-3.10130 0.90519
-3.95500 2.28699
-3.61226 1.01813
-2.97702 1.90952
3.73210 2.66243
-4.04208 0.91694
-2.81185 -0.62073
-4.17678 1.36498
-3.86230 3.04768
-3.14664 0.97375
-2.45534 3.66639
-4.69017 2.12864
0.40809 1.63146
-1.60613 1.96931
-3.68534 1.12827
-2.31552 0.98612
-4.44192 -0.17071
-3.55397 1.73169
-5.23551 1.00485
-2.83735 0.49331
-3.51410 1.55576
-1.89845 0.43971
-4.44351 0.65535
-3.10158 1.67170
-3.46627 0.82400
-2.72200 1.23179
-3.93497 1.30456
-3.20458 1.92642
-3.39094 2.05231
-4.09029 1.40258
-4.13017 1.05530
2.41244 2.88354
-3.61233 0.87459
-5.48840 2.96050
-2.56488 0.70102
-2.85591 2.09689
1.82202 2.71819
-4.38155 0.83104
-4.51848 2.52839
-5.05608 2.27989
-3.42438 0.88484
-2.52950 1.28479
-5.15773 0.43892
-3.39037 1.59425
-3.61646 1.80284
-5.11751 3.21327
-4.60869 0.84816
-4.01554 2.08146
-2.60222 1.32874
-4.21296 -0.17056
-2.12357 1.03097
-4.40843 1.62868
-2.64655 2.54675
-2.80044 1.19863
3.28602 1.10162
-2.87389 1.95985
-2.91058 2.65392
-3.40007 2.01657
-3.59318 0.75922
-2.93033 2.58637
-2.67662 2.03872
0.76560 2.66581
-3.23052 1.97395
2.42569 2.79516
-4.38658 3.75259
-3.49733 2.00754
-2.45027 2.58034
3.33332 3.34183
-3.02488 1.16024
-3.49639 2.38225
-4.18724 2.64291
-2.60366 1.06125
-2.07662 1.67283
-3.87393 2.56460
-3.26364 1.85246
-3.06544 0.93841
-2.37380 1.08950
1.33221 1.68791
-4.28898 2.21726
-4.93835 0.73161
-3.08371 2.33578
-4.10319 1.69686
-2.03887 2.06761
1.97121 0.80874
-3.43517 1.55616
-2.56138 1.51475
-5.01347 0.67458
3.16981 1.95302
-4.00960 1.66793
1.07395 1.12532
-4.89737 1.66138
-3.76045 1.72890
-3.64823 2.01128
-3.36284 1.64382
-3.74057 1.44897
-2.70574 1.99295
-4.49380 0.90962
-1.38959 3.08053
-3.79394 2.32222
-4.79929 1.02843
-2.55869 2.62321
-3.23074 1.26818
-3.50393 2.60939
3.56746 2.60394
1.86806 1.17072
-3.91817 0.96883
2.55950 1.94560
-2.59520 0.39419
1.35831 3.77239
-2.54706 2.99754
-3.18128 2.65918
1.05305 2.25665
-3.91635 0.01940
0.69196 2.05069
-2.07923 1.96714
-2.91933 0.75339
-2.83822 1.26494
-4.30901 1.81478
0.64280 3.36539
-3.27665 2.83441
-3.29946 0.85783
-3.57885 2.32781
-1.96140 1.07607
1.02471 0.26227
-3.33973 2.24661
-4.83302 0.41280
-3.81866 1.57702
-2.81866 2.99631
-3.39068 1.81103
-2.76382 2.37743
-2.88414 1.34178
-3.06533 1.20618
-3.99497 0.85596
-3.63617 1.94221
-3.17119 2.58962
-3.17359 1.20726
-3.26872 0.31189
-3.17300 1.85782
-2.58248 2.87289
-4.49036 0.97489
3.28781 1.50118
-2.16325 1.20901
-3.93556 2.93416
-3.60498 0.73873
-3.23672 1.98042
-2.50859 1.49834
-3.84067 1.67817
-4.55489 0.27763
-2.41451 2.70924
-3.01374 -0.25103
-2.72473 0.82624
-3.84460 0.91835
-3.60636 -0.26454
1.83404 0.20884
-4.64743 4.15561
0.71682 2.64798
0.89495 2.78141
-3.71539 0.73625
-3.51965 1.10373
-4.06284 2.75991
-4.11219 3.66651
2.00459 2.36796
-2.55201 0.49410
-3.43954 2.64777
-3.10631 1.80498
-2.99880 0.76465
-4.94759 1.93665
-2.98740 3.10054
-4.59804 1.34784
-4.59619 2.87334
-3.65477 1.36820
1.66115 -0.37030
-4.61061 2.03822
-3.67511 2.53514
-3.03833 1.32486
-2.32942 2.55534
-3.42575 2.31597
-3.88736 -0.72587
-5.13876 1.38104
-3.12235 2.40550
-3.84074 2.32751
-2.50574 1.85863
-3.02553 1.37512
1.04140 3.35526
-4.86785 1.27055
-4.07812 0.63945
-3.19798 1.87490
1.26093 1.71448
-3.31113 2.08441
1.41055 3.51512
-3.19800 0.18838
2.47325 1.46181
-3.38031 1.85322
-4.18116 0.33591
-2.52706 1.71556
1.45462 5.16643
2.31668 1.90675
-2.27540 3.18192
-4.69525 0.27034
-3.58320 0.68912
-2.88497 1.27020
-2.89978 1.75091
2.92252 2.00384
-2.14631 1.28410
2.36932 5.32455
-4.53154 2.36164
-4.29142 2.20768
1.84347 3.23183
-3.59569 2.53846
-3.16214 3.43614
-5.07783 2.38761
-3.42778 1.54679
-4.46455 2.10507
1.43320 4.52770
0.44161 2.49212
2.68530 0.60059
-4.80283 1.81255
-3.61790 0.75009
-4.39510 1.50253
-3.54598 2.26838
-4.20415 2.36800
-3.49173 0.49233
-3.85148 2.46641
1.25948 5.05644
1.06891 4.39379
-3.17817 2.26032
-2.52379 1.09704
-4.08708 2.65757
-3.52791 1.24726
2.79185 2.75501
-3.70900 2.26983
-4.48313 2.92323
-3.20985 0.02688
-4.56691 0.20002
-3.64216 2.41989
-1.63749 2.24625
-3.50741 1.17945
-3.75321 1.29208
-2.54425 2.35240
-3.61216 2.22458
-3.80128 0.81118
1.80167 2.62091
-2.63463 0.97228
-2.83994 0.87285
-2.58837 -0.31200
-2.08871 2.39710
2.22167 2.29913
1.72458 0.79779
-3.10384 1.58843
-3.19434 3.20679
-4.04916 -1.06645
3.27678 3.07344
-2.83054 3.11952
-3.33675 3.26058
-3.57279 1.80026
1.55207 1.66362
-4.62463 1.20411
-2.79766 1.48220
-3.95126 1.32286
-3.77410 1.69530
-3.31515 1.54596
-3.69267 0.76172
1.92100 2.32663
2.99000 4.17673
-2.54644 3.16948
1.79696 1.91610
-3.36186 1.43416
-4.56174 0.98713
-4.83660 2.13338
-3.91614 2.63523
-3.73365 0.46774
-2.50386 2.27404
-3.79777 2.58738
-3.11544 2.13247
-3.86669 1.99500
-2.25039 0.04087
-2.94569 2.38525
-3.83772 1.35793
-4.35622 1.44677
3.20944 2.13210
-2.68583 2.19390
-3.90574 1.29340
1.90965 4.00997
-3.52951 0.48233
-2.78624 1.28797
-4.15667 1.22746
3.51023 3.65879
1.00849 0.45873
-4.61987 1.07881
-4.14917 1.19381
-1.87762 2.36599
-3.32694 3.22698
-2.22095 1.90440
2.11131 5.02179
-5.68235 2.51687
-1.23438 2.19734
-4.00147 2.47489
-2.76745 2.65393
0.59041 2.48132
1.05252 3.59964
-2.29511 1.87726
-6.22006 1.27246
-4.57263 0.21278
-4.92927 1.39418
-4.25979 1.77244
-1.87389 0.20944
-2.53212 2.17528
-5.00021 2.40929
-2.80181 0.48079
-4.29224 1.91078
-2.22486 2.50050
2.05620 5.94012
-4.25370 2.16182
2.50764 3.89034
-4.53528 1.74066
-3.81384 2.29349
-3.64764 1.70533
-2.87198 1.43804
-1.64141 1.47051
-3.73068 2.50054
-5.07793 -0.18901
-2.66401 1.19375
-2.90312 2.41698
-2.78415 1.67576
-3.60401 0.48686
-4.26546 0.57731
1.06839 2.95375
-3.42853 1.94641
-3.03044 0.21883
-3.71310 2.06488
-3.63028 2.44665
-3.36167 2.23424
4.51270 2.60432
1.80187 3.63588
1.36290 2.92596
-3.92102 -0.39316
-5.24945 1.70195
-2.06630 2.61652
-3.35509 0.85081
-4.39778 2.86741
-4.06864 1.25790
-5.41610 0.50684
-4.42284 2.74259
-2.69791 -0.01446
2.32859 3.98093
-3.24609 2.89650
-3.24027 0.82426
0.60290 3.50162
-3.86622 1.30849
-4.19370 2.36669
2.89106 2.89251
2.58427 3.37100
-4.01467 2.24677
-4.06790 2.75781
-4.41490 0.82712
-2.06467 1.68965
-4.42563 0.80094
-3.53633 3.80045
1.44967 4.16250
-4.31330 1.60174
2.09607 3.25931
-2.79182 2.21539
1.64707 1.45187
-4.59060 0.07382
2.12808 2.93464
-3.80312 0.41218
-3.81220 4.43737
-3.51147 -0.81103
-2.93788 0.00454
-4.33597 2.87711
-3.39395 1.05183
-4.39651 1.41496
-3.47507 1.47572
-2.98321 1.89941
-3.91697 1.65549
-4.77804 0.54097
-3.34234 1.40531
-3.43054 1.77335
2.87053 1.73748
-3.87690 1.68551
-4.29415 0.54913
-4.10993 1.18402
-3.13582 1.86698
1.71329 1.24601
-4.33025 1.29612
-5.02752 2.34208
-3.25052 1.17676
-3.24576 3.76602
-3.70519 3.55863
-4.90785 0.74653
-4.70168 2.30725
1.93641 1.69960
-3.49282 0.98966
-3.84757 2.19340
-4.50669 3.63105
-2.71847 1.78884
-5.30158 1.87633
2.27643 2.73632
-2.32521 3.56318
-3.46840 1.54462
3.00005 2.13546
-3.63375 3.16627
-5.89119 1.41307
-5.11469 0.10586
0.27824 4.13276
-4.07498 2.42713
4.84579 1.85820
-5.08005 1.13002
-3.72423 0.62395
-3.24379 0.78212
1.06533 3.68684
4.09597 3.68668
2.19455 2.61257
-6.01008 2.57861
-3.96296 0.74750
-3.09389 1.78006
-5.21419 2.41853
-3.42918 1.35984
2.64339 2.93223
3.19519 4.29348
-5.66048 2.37592
-4.52041 0.35887
-3.79058 2.19602
1.30676 2.41178
-3.89795 1.90283
-2.84094 2.87050
-3.73094 0.97589
-3.51822 1.63268
1.78498 0.81730
-2.99855 1.86241
-2.44819 1.52102
-4.54347 1.38170
-2.70563 1.03998
-4.74894 2.95941
-3.86960 3.92089
-4.08720 0.84419
-2.50187 1.02705
-2.50839 2.85460
-4.03568 1.82150
-2.85040 0.80035
1.03636 3.12481
-4.09864 2.06891
1.69955 2.47938
-4.57842 1.90668
-4.80763 1.91315
-3.18048 2.27402
-3.23748 3.36268
-3.73544 1.37367
-3.96067 0.60095
-3.13852 2.04981
1.45498 1.47570
-2.31026 -0.68313
-4.49966 3.30024
-2.68930 1.98147
3.93127 3.71083
3.36228 1.94855
-2.18814 1.88273
-3.94828 1.29212
-2.85124 0.61470
0.49353 3.61165
-3.27841 2.70365
-3.11540 3.58037
-2.95019 0.94878
-2.92058 2.69512
-5.28602 1.78208
3.17811 0.73972
-4.72587 1.60302
1.15372 3.13617
1.36703 3.24771
-4.62532 3.15592
3.10820 4.44301
-2.75689 2.88709
-4.02484 1.04817
-3.57120 1.21382
-2.89810 1.17898
-2.21871 2.94507
-3.06071 1.69896
-3.37267 0.05347
0.40830 4.11756
-3.09001 1.99971
-3.15583 -0.09119
-3.39200 1.86987
-3.36212 2.99123
-3.26313 1.82351
-4.92634 0.78644
1.72764 1.68309
-2.30755 2.22944
-3.66928 2.76931
2.04372 2.14634
1.58966 3.75265
-1.18270 0.29539
-5.82432 1.04333
2.43768 2.23764
-3.59267 2.58377
-4.07783 2.74471
-3.13871 1.47487
-4.23679 3.14771
-2.49795 2.80434
-5.62112 1.26264
2.12338 2.47053
3.72402 2.29929
3.43885 3.81060
-4.28319 1.76929
-4.47121 1.45151
-5.22204 1.61470
-4.07119 0.53535
1.73378 3.59137
-2.29771 2.83028
-4.01874 0.86194
2.87594 2.55421
-3.07878 1.29219
-4.61248 -0.22553
-3.12062 3.23737
-3.00661 1.63267
-3.63445 1.29312
-1.63730 2.81511
1.95733 3.53174
-5.35464 2.11006
-1.37749 3.21084
3.83278 4.17538
-2.61324 1.22184
-3.35781 0.04376
2.70133 2.58873
-4.33336 1.18449
-2.51582 2.32223
-2.89829 0.55390
2.69063 2.36187
-2.85556 1.44552
-2.46104 2.14799
2.35224 1.91032
-4.53822 2.30808
-3.59163 -0.89986
-2.76939 2.54272
-4.27689 0.92685
1.35399 1.83763
-3.25802 2.39649
-4.89733 0.41480
-4.15743 3.50222
-2.62139 2.84743
-4.00785 1.37560
-3.21380 2.13748
2.29153 3.37819
-3.42988 1.27220
-4.81127 1.94433
-3.28398 0.00458
4.12167 2.81638
-4.49908 1.18761
2.35967 4.45080
1.84040 4.70688
-3.40848 2.41370
-2.63640 0.97746
-3.70321 2.93115
-3.04619 1.93115
-3.27216 -0.10048
-3.33476 1.48700
-2.89808 0.58023
-4.33166 2.55785
-3.68745 1.84588
-3.40386 1.49029
-3.20608 2.41222
-5.06996 0.23551
-4.09166 2.32782
-3.04735 3.19895
-3.19705 1.95914
-4.03952 4.39696
-4.22069 0.88863
-3.31109 0.70158
-3.77120 2.35666
-4.69910 0.87705
-3.51238 2.22916
-3.24970 0.32354
-4.30194 2.56769
1.15064 3.55554
-2.34747 1.80253
3.31086 1.54711
3.20889 2.50031
-0.04956 2.96601
-4.02053 2.88658
2.05780 3.78205
-2.16238 1.70094
-4.72345 0.85649
2.67062 3.01877
-2.74206 2.86061
-3.32801 0.43434
2.97100 0.47703
-3.31318 2.00324
-2.86026 2.21249
0.37769 0.16428
-3.78066 2.43616
-4.46548 2.68992
-3.78033 0.20434
-4.17572 1.07968
0.53153 4.23951
-3.78148 2.37032
-3.58031 0.62029
-4.27747 0.92400
1.59003 2.53704
2.77906 3.73230
-3.40765 0.37067
-2.80267 0.74113
-3.55723 1.51863
-4.19904 1.62106
-3.52541 2.23334
-4.85068 -0.25089
-2.82173 2.08205
-2.54413 0.91478
2.71437 1.65174
-2.40084 2.16817
-3.38769 2.16974
2.22843 2.53988
1.99167 3.75110
-3.79000 1.63079
1.84652 2.81769
-3.84982 1.80272
-3.71572 3.00184
-4.40256 1.93841
-2.67684 2.56933
1.36279 2.01428
2.02691 4.01098
-3.28603 1.68876
-0.47174 3.19845
-3.78336 0.04677
-3.32569 3.29558
-5.42489 1.63253
-4.74239 0.51692
1.11240 2.92591
-3.41842 0.98503
3.88580 3.49907
-1.66768 3.33905
-2.42809 1.49835
-3.60640 2.09971
1.60399 4.50030
-5.85143 1.80377
-3.78137 0.78355
-3.75605 3.61714
-1.87080 1.51462
-2.27293 0.34431
-2.12115 1.24063
-5.32025 3.08621
-4.18873 -0.44389
-3.92122 3.57669
-3.83705 2.37856
-4.35135 1.66603
-3.54903 1.55942
-3.85221 0.63762
-3.77603 1.98627
-2.22786 1.37236
1.29434 1.25040
-3.16921 1.88462
-4.32645 2.44620
-2.43100 2.28016
-4.69776 2.57450
-2.45380 3.28259
-3.97143 3.21768
-2.84667 0.63718
2.30599 0.97939
-4.67275 1.62802
0.98745 3.53991
-3.16259 0.87110
-2.73428 0.47927
1.38965 0.94295
-4.43797 1.27687
-3.74895 1.03152
-2.33879 1.13672
-3.27281 1.86350
0.58682 2.25399
-3.86033 2.12512
0.38687 4.98140
-3.00998 1.04872
-3.22922 1.47874
-2.49089 0.50229
-2.68442 1.80175
-4.45114 2.08851
-3.16489 1.74285
-3.35252 1.67742
-2.24140 0.22269
0.11428 3.10640
-4.23844 2.44721
0.29185 2.04175
2.59685 2.83958
-5.49006 1.62137
2.02501 2.27067
-3.44810 1.93848
3.50150 2.90150
-4.21261 1.79745
-3.90991 0.70058
-3.63404 0.50182
-3.75418 1.58440
-4.20533 2.66983
-4.92186 0.89707
-2.70979 0.45811
1.19585 0.73494
-2.17900 2.18046
-3.29772 1.56838
-5.22832 1.16805
0.29569 3.29045
-3.09898 1.74871
-2.13014 3.40395
-3.89871 2.08316
-3.78477 0.86748
0.93852 5.34805
-5.34949 1.05802
1.79297 2.27627
3.13886 5.19716
-3.74895 1.34119
-3.44219 2.57384
1.75771 1.10062
-3.66501 0.73113
-2.64307 1.87280
-2.26493 1.67557
-5.46622 2.24850
2.19615 2.86872
1.93427 3.15652
-4.48190 3.25945
-2.43271 2.17370
-4.35653 0.62687
-3.99939 2.10829
-3.72550 1.55855
-2.44193 1.57949
2.60034 3.07797
-3.61280 1.44895
-2.61010 2.21799
-4.86693 3.19847
-4.21140 1.46003
2.69346 2.96277
-3.84951 2.39970
2.23500 2.95280
-3.85815 1.34497
-3.33208 1.16561
0.54447 1.95921
-4.21801 1.53194
-4.23628 1.63812
-4.34175 -1.74338
3.18868 2.79528
-4.39159 0.82302
1.03813 2.89680
-2.79740 2.46012
-5.02963 1.69155
-3.98175 1.80564
-3.42807 1.22814
-5.43853 0.79136
-4.34999 0.30766
-3.77493 2.12675
-2.56343 1.65150
-3.80388 3.38946
-3.27899 1.79919
-3.81466 1.41061
2.96178 4.31606
-3.72644 1.11891
-3.37861 -0.16408
-3.03276 0.76019
3.03607 1.81907
-3.71226 2.39536
-4.29977 -0.24880
-3.82824 1.79300
1.30535 4.18768
-3.21209 1.77728
-4.05751 3.04368
-3.89496 1.54324
-3.57475 1.15678
-5.57934 2.87845
-4.28286 -0.06149
-3.86864 2.92205
-4.84293 1.03842
-3.61447 2.11720
-3.78061 2.37536
-3.86595 2.80520
-3.24455 1.30574
-3.04358 2.35100
3.25449 1.42125
1.63949 4.27356
-2.56824 2.19851
-3.69470 0.89770
-3.33185 1.44433
-3.59268 1.65166
1.72521 3.46807
-2.94275 1.43428
1.41111 2.90491
-4.90995 2.08324
-3.35768 1.47967
1.26367 4.16760
-4.85043 0.67974
-3.16525 2.15890
2.69438 3.24388
0.37625 1.50700
-3.92487 0.83864
-4.33215 0.54305
2.81017 2.75455
-3.40767 1.63151
-3.07567 1.95485
-2.07344 2.42268
2.30720 0.89213
2.36833 1.76406
-2.67683 1.75757
-4.03598 0.71221
2.13149 1.73174
-3.99644 3.27325
-3.51339 2.43215
2.20371 2.55555
-3.65420 -0.28095
-3.92740 0.99581
-3.99434 1.97359
-2.04392 2.12153
-3.83249 1.23842
-3.67851 -0.41836
-3.93681 0.27371
2.70979 4.08965
-4.81339 2.23304
-3.31848 1.51945
-3.56261 1.20588
-3.13352 0.87924
-5.45462 2.71644
-3.72931 1.94947
-3.48593 0.76282
-4.50763 -0.10797
-3.06843 0.80951
-2.11411 1.26381
-3.43124 1.71979
-2.92644 2.15729
-3.57123 1.89625
-4.20846 1.83791
-3.74753 0.32587
-1.59052 1.44510
-3.06663 3.15740
-5.32940 -0.48137
-4.86497 2.02021
-2.59448 1.75639
-2.79795 1.30493
-3.38541 1.20904
-5.46064 1.79056
-2.64329 2.99220
2.36165 1.68854
-3.94951 1.36526
-2.06855 1.10450
-3.77483 0.69213
-3.34305 1.14185
-5.29106 0.78277
-3.80040 0.43034
-2.91650 1.19121
-2.63527 2.14507
-4.30628 1.36335
-3.87557 1.68426
2.53846 5.31991
-3.89241 0.57888
-3.56431 1.82539
-3.70349 0.98011
-4.42556 1.38832
-4.07589 0.24574
-4.30770 1.05511
-4.34811 0.88859
-4.33100 2.46323
-3.22023 1.18178
-4.32285 1.04323
-4.24707 2.16649
-4.53208 0.99781
-3.14496 0.65640
-4.84978 2.15213
-3.07136 0.29891
-5.63508 4.09690
-3.76670 0.88353
-3.70621 0.11774
-4.00265 2.02637
-3.58118 1.91327
-3.58418 1.26710
-3.71539 1.87154
-3.99072 1.10995
-3.57009 1.51123
4.01276 3.48044
-4.36632 1.17882
-4.72200 2.20054
-4.95825 0.44411
-4.02154 1.81687
-4.20387 1.35846
2.24822 3.65322
-2.33500 0.93033
-4.97231 1.98805
-2.83538 2.38096
-4.60810 2.95144
-0.05573 2.79748
-3.27185 0.60424
-4.27192 2.73690
2.09990 1.68622
-3.73224 1.88259
-2.89065 1.45919
-2.37246 -0.34918
-4.02787 3.71835
-3.17924 1.10474
-4.86321 2.25304
-4.81490 1.27819
-2.41542 2.32952
-2.73730 0.78030
-2.58420 2.00135
-2.12045 3.21628
-2.60983 3.27868
-1.82227 0.50174
-3.36557 1.19126
-3.34827 1.48523
-3.54019 3.37186
-4.32674 2.51256
-2.86084 3.03031
-3.00970 1.75298
-3.80050 3.30983
-5.39324 0.45879
1.51698 2.44919
-3.32709 2.12203
0.59561 4.52013
2.24048 4.89421
-4.22989 2.34575
-2.44143 1.21847
-4.61695 1.26384
0.77164 3.26787
-4.54032 1.29965
1.34073 2.64996
-4.87436 -0.12955
-2.64686 2.69881
-3.43991 2.49977
2.84930 0.11779
-3.20791 1.99616
0.36696 2.70630
-3.16959 1.77002
-4.44636 0.88761
-3.01701 3.01633
-3.55401 1.11979
-3.76662 2.90116
-3.23158 3.12393
-4.44957 0.59176
3.20375 3.05653
-4.75647 1.87508
-3.87048 0.70498
-3.32675 1.79603
-4.52935 2.22659
2.10183 2.55509
-4.81139 2.65257
-3.65668 2.35929
-6.09635 -0.64940
-4.14518 3.60845
-2.72424 2.13540
-1.30229 1.39277
-3.14235 0.90390
1.85867 3.71079
-3.22223 0.60387
0.95439 3.32979
-4.64378 2.82131
2.25842 1.12196
-2.84357 2.12829
-3.50356 2.50104
-3.45298 1.21691
2.54147 4.81574
-4.60997 2.23304
-2.82915 -0.02461
-4.53209 0.27129
-3.13012 0.02104
-3.89525 3.00720
2.76622 2.61707
-4.17532 2.16468
-3.67273 1.38421
1.82660 0.79308
-2.92230 0.56327
-0.33357 1.87069
-3.62117 2.16999
-3.91265 2.66756
-5.15812 3.21156
2.00188 1.54332
-2.54878 -0.76606
-2.14762 1.62841
-4.22583 1.07754
-3.94232 1.59522
-3.66761 2.22622
-3.88704 1.86469
-4.07522 3.80257
-4.05532 1.64601
1.27565 2.71622
-2.65501 1.26032
-3.01401 2.23189
2.50754 3.31251
-2.75304 1.69117
-3.87988 2.26420
-2.60100 1.73997
-4.21632 1.79786
-2.48603 2.30727
-3.65933 1.92878
-3.60599 2.84154
2.44989 2.69110
-3.76620 2.30273
-3.42935 1.42235
3.62845 3.12300
-4.51159 2.50194
-5.01994 1.89868
1.01811 2.82005
-4.42285 2.34398
-4.11955 0.19987
-3.65376 2.23604
2.09301 1.69514
-4.16537 1.13907
-3.93657 2.35489
-4.34469 1.00587
-3.38689 1.02944
0.70211 3.18007
-2.37834 0.50344
-3.31190 2.02558
-4.34870 3.40239
-4.84745 2.20339
-3.91096 1.43152
-4.50335 0.81505
-3.77174 1.88222
-4.16355 0.75629
1.00991 3.31812
2.47072 2.77005
-4.42065 4.13723
-2.87860 1.75991
-3.57847 1.58790
0.35985 2.45085
-4.19128 3.60227
-3.67553 0.63913
-4.07318 3.31308
-3.90430 3.33332
-4.97123 0.14808
-3.40214 1.68354
-3.26763 0.95575
-1.55489 1.03001
-3.89309 2.64394
-3.13134 0.01233
0.71775 1.70842
-4.29550 -0.26041
-3.39030 2.40854
-3.86006 1.37460
-4.27263 1.80212
-2.57475 0.64660
0.69071 0.73405
-3.20525 1.62948
-4.28675 0.59781
-2.50111 0.22324
-3.18726 0.31515
4.19735 4.38330
-4.01334 2.17933
-2.59544 0.93961
-4.11072 1.67388
-3.89229 3.02901
-4.35760 1.82565
-3.50888 2.46013
-4.31347 0.32724
0.55515 3.11898
-4.86375 1.64559
-4.32333 2.28542
-4.50178 1.65516
-2.37699 1.00636
-3.59788 1.56514
-4.76881 2.05575
-2.10415 1.06516
-4.17523 0.21656
-4.24743 2.64122
-4.30471 0.88926
-4.30952 2.08646
-3.38159 0.46837
-3.30090 3.11504
1.95902 3.46820
-2.81757 1.15105
-2.78788 1.18575
-3.67872 0.42607
2.25983 1.32395
-3.58551 2.38893
-5.52118 1.39794
-3.42521 4.63616
-1.74787 1.48195
1.88775 1.66296
-2.84910 2.57979
2.79847 4.11659
-3.54614 2.46970
-4.28129 3.46801
-1.74309 1.92546
-2.23561 1.56814
2.86345 2.51091
-4.85087 3.77827
-3.08400 1.43748
-2.85144 0.01261
-2.78200 2.07014
-5.87918 1.18749
-2.69794 1.02624
-4.40263 0.89537
-3.89991 3.53845
-2.78843 0.73449
-3.31321 0.75483
1.62153 3.32864
-5.29756 1.88661
-4.13708 2.45022
-4.31891 1.03042
-4.93373 2.73727
1.11706 2.04806
-2.80307 0.07340
-2.30766 2.71076
-3.28553 2.31809
-5.10049 4.16080
-4.51798 2.44233
-2.49093 1.39733
-3.35222 3.42871
4.05217 1.65235
-3.10577 2.05248
-2.41836 2.61899
-2.46610 1.65850
-4.12871 2.50555
-5.19117 1.81318
1.66323 4.14694
-4.30535 2.90842
-3.04537 1.92185
-4.36770 1.26331
-1.47567 2.96561
1.09140 0.85316
-3.39679 1.27237
-4.03413 0.17376
-3.35746 2.39133
1.84555 2.05923
-4.09861 2.77412
2.60317 3.08863
-4.65884 -0.23572
2.59731 1.60303
1.24235 3.98072
3.07772 2.76738
-4.95985 1.51995
1.50688 4.64119
-3.87471 1.87502
4.47851 2.18116
2.46032 3.09055
1.39122 1.11806
3.02750 3.31174
-4.05760 1.46683
1.51839 4.72223
-5.46940 3.55978
-2.44289 1.59365
-3.41652 1.10800
-4.66630 2.01290
-2.94833 1.30439
2.52266 0.96779
-2.87457 2.66508
-3.29992 2.14036
-3.07483 0.36118
-3.88573 1.07254
1.46408 4.43250
-3.08676 1.08492
-4.30564 2.82651
-3.50750 1.09422
-2.07539 2.58506
2.08101 0.92596
-3.20337 1.29607
-3.56560 2.24364
-3.50200 1.05348
-5.04521 0.74965
-4.09455 1.62612
-3.01692 2.00273
-2.79013 3.11435
-2.91111 1.46724
-3.68902 1.53763
-2.91481 1.90872
-4.87960 0.31584
-2.78076 0.98986
-2.84253 -0.03688
-4.16961 1.63677
0.47589 1.96552
-4.32248 2.51948
0.18808 4.46091
-3.62140 3.09488
-4.13499 0.88799
-2.11115 0.37625
-3.68549 3.05752
-2.71545 1.12570
3.17860 2.63158
-3.30185 2.24979
-3.69062 1.19400
-2.65069 3.71333
-3.62596 1.66148
3.16845 1.56339
-4.12893 0.18856
-3.44924 0.89804
-3.37387 1.60947
2.85327 3.65295
-2.05487 2.31378
-2.37545 2.05716
-3.57348 0.71372
-2.76270 1.23487
4.10212 2.48066
-3.40305 2.20655
-5.15321 0.80751
-4.81588 3.42284
2.81044 0.89313
-3.86609 1.93709
-1.94012 1.60923
-4.14986 1.25949
-3.49905 1.44165
-3.15645 -0.71052
-4.47101 1.62733
-2.40389 2.49139
2.22900 1.01528
-4.69719 1.68539
-2.32639 0.50845
-2.68295 1.74276
1.42113 3.20871
-4.49255 1.10196
-2.91877 -0.10544
-3.01472 2.38453
0.99284 2.85492
1.33498 3.43489
-5.18010 1.04698
-3.44265 2.53584
-2.53001 2.87828
-2.89891 1.54495
-3.36873 2.73630
-4.70628 1.34539
-2.80087 2.66524
-3.56976 1.59281
-3.28848 0.70492
-3.70630 -0.23469
-3.35453 2.22988
-3.69368 1.67958
-3.95470 3.15106
3.17962 1.89170
-4.20221 1.21832
-2.59115 0.94482
-3.14009 1.45827
-3.62642 1.63778
2.79889 3.14970
-2.10956 1.48224
-1.48752 1.10447
-4.74341 1.69822
-3.87056 0.21443
2.79864 1.33955
-4.39408 2.08890
1.74026 3.61423
-3.26909 1.13480
-4.41501 2.18803
-2.90352 1.62336
-3.09969 1.09053
-4.84667 1.11984
-3.46099 0.05005
-2.58008 1.02980
-3.00644 1.93137
-3.22383 2.88022
0.68427 3.55035
-2.81961 1.23259
-3.90687 1.75762
-3.47377 2.72172
2.20188 3.99693
-3.55741 0.85061
-4.92553 1.34329
-3.87100 2.10693
-3.13564 1.53482
-1.73141 1.33918
-2.79080 1.47077
1.65602 2.42596
-2.54360 0.29104
-3.88367 2.48308
2.46068 1.09762
-4.29062 1.38525
-4.27240 2.43924
-4.81571 4.49638
-3.02110 0.13656
-3.99714 2.32965
3.17865 2.62253
2.90376 2.28746
-4.35685 1.07322
-4.21413 1.61733
-3.97786 2.69384
4.49045 2.99964
-2.75924 1.83267
-4.48351 0.53280
-3.86289 2.30433
3.66692 4.21762
-4.38895 2.00670
-3.59303 0.22798
-2.82632 0.59639
-3.97515 3.05499
-3.96962 3.83877
-3.60047 0.06676
-4.10249 0.55921
-3.52489 0.08302
-5.03575 0.57323
-2.94964 2.11387
-3.79611 1.08072
-4.39202 1.18134
-2.89666 2.21707
2.09308 1.64500
-3.35202 0.96869
-3.78168 1.15254
-3.87031 1.18116
2.61562 2.69034
-2.39965 0.85295
-3.01603 2.31384
-3.41679 0.43454
-0.12737 3.15856
-4.30551 3.68308
-3.79836 1.76072
-2.06993 0.35143
0.97882 2.54494
0.52559 2.28645
-3.01252 3.54708
-3.26277 0.91657
2.77318 -0.00375
2.76743 1.46029
-4.06281 3.10389
-3.30656 3.59661
3.84042 3.07159
-3.83632 0.65345
-3.79294 2.08444
-3.48790 1.15593
-1.01846 1.08792
-3.66109 1.81447
-3.74617 1.88282
-4.51863 1.12818
-2.97221 1.19888
-3.97797 2.13994
-3.79118 3.39528
-3.90398 1.14236
3.32769 1.34174
-3.01753 0.78403
-4.50435 1.07891
-3.37121 1.57745
-2.15985 2.21021
-2.55689 1.84813
-3.50823 1.11110
-3.18328 3.69949
-4.36027 2.81100
1.08468 1.96989
-2.23639 3.07908
-3.27883 1.91091
2.98908 1.74598
-2.19169 1.24152
-2.85903 2.58120
3.24376 2.70849
-2.68301 1.51504
-2.81358 0.93329
0.43885 0.83367
-3.39369 1.85754
-4.86008 1.64980
-5.00241 0.75860
-4.12816 2.70132
-3.80047 1.43485
-3.21166 1.91870
-4.90750 2.34858
-4.41633 0.99019
1.35717 2.61714
3.64920 1.86602
-2.94407 2.18534
-4.04797 1.63553
-3.42514 0.82320
-3.56555 1.89822
0.72334 2.96549
2.40299 4.81434
-2.57580 1.98536
-4.15184 1.36380
-4.70254 2.09871
-2.61010 2.72968
-2.74294 2.08514
-4.98826 0.75555
-3.86082 -0.98157
-3.63128 1.38826
-2.76223 1.73288
1.66155 1.38183
-4.10834 1.99982
-4.38571 1.09667
-4.41620 0.93313
-3.67503 1.55118
-3.39160 2.54314
2.57750 2.05542
1.68999 3.30966
-3.88148 3.02269
-2.03129 1.85311
-4.01798 1.62581
0.61602 1.46860
-3.68426 0.69148
-4.27543 1.17936
3.40707 2.11168
-3.45874 0.07384
-2.15330 4.24706
-3.72637 1.55101
-3.59172 -0.27892
-3.93403 0.07814
1.87335 2.16592
-3.07025 2.14081
1.68344 2.49422
-4.90866 3.82696
2.42377 2.38432
-1.19915 1.41612
-2.18759 2.43064
-5.19338 2.87371
1.46617 2.37023
-2.99549 0.85607
3.36210 1.89142
-4.22021 2.43489
-2.99882 1.02619
-3.84390 2.49068
-2.81783 1.88820
-2.50144 1.19266
1.28751 2.54327
-4.12122 3.60969
-4.02523 3.18685
-3.22551 1.38305
-4.00739 3.19745
-3.56708 2.47656
-4.22120 0.94366
-3.71902 2.04209
-2.95362 0.77184
-3.24480 1.29675
-3.48790 1.19231
-2.68302 2.00938
-4.48372 1.49274
-3.72155 2.32620
-5.23083 2.14035
-2.94356 2.32116
-4.77202 2.05814
1.03652 0.40522
2.00499 2.02615
-4.68277 2.73613
-2.86328 -0.00469
-2.87672 2.48880
-4.86834 1.08661
-3.74645 1.22645
-3.10641 1.26622
-3.88610 2.65187
-4.84897 2.80194
-4.13397 2.33474
-3.11762 1.60340
-4.98438 0.35812
-3.97293 1.35953
-3.67188 1.10206
-2.87585 2.44803
-5.14913 3.31387
2.19402 3.42825
-4.61914 1.00801
-2.56147 1.57768
1.12489 5.07538
-4.17574 1.32391
-3.31572 0.02154
-3.16330 1.89966
2.26836 2.69602
-3.29347 3.24432
-3.20522 2.15844
-4.40658 0.96315
-2.01573 2.03067
-4.10727 0.89943
-4.50593 2.79338
1.80142 1.15735
-3.50056 1.96299
-3.45605 0.97229
3.66074 3.31879
-4.09422 1.41228
-4.87257 0.99629
3.69252 3.07165
-2.65310 1.95437
-4.67968 2.24132
-4.33797 1.15615
-4.96313 0.47779
-4.51116 2.52001
-4.29151 1.64856
0.68021 3.25047
-2.47780 3.36279
1.41772 4.15258
-5.84080 2.55188
-4.22921 1.50296
0.84688 0.78225
2.98042 4.89711
-3.90434 0.73645
4.02976 4.78681
-2.19585 2.59672
3.14606 3.75661
-4.95702 1.69828
-3.39353 2.44355
-4.15582 1.66816
2.06633 1.67143
-3.42478 -0.36392
2.58994 1.67746
-4.95504 -0.09847
-2.80368 2.52948
2.89848 1.10046
-4.10697 1.09454
-3.25719 1.76193
-3.41164 1.04948
2.82472 4.75022
-3.85442 2.14086
-4.50535 1.83465
-3.71177 2.81733
-3.01649 0.97166
-3.05278 1.19306
-4.54050 0.97381
-4.18952 0.57052
-3.82473 2.54874
-4.62455 3.44652
-1.70140 1.68418
-4.19479 0.95339
-3.86753 0.98855
-3.87184 1.76491
1.31180 3.36837
-3.59207 1.36166
-4.02503 1.46725
-4.48143 0.64942
-5.04542 3.65490
-3.73938 1.28958
2.72961 5.54785
1.19633 2.02719
1.36853 2.16314
1.40089 3.73493
-5.64141 1.30224
-1.63712 1.22758
-2.31426 1.36345
-4.43062 0.23963
-3.01770 1.93743
-2.19426 1.15428
-4.03416 1.81407
-3.98054 1.63763
1.88199 2.55595
1.46463 5.25583
-4.14342 1.15250
2.25818 3.97937
-4.07885 1.29031
-1.74990 2.43656
-2.83077 0.39796
-2.84386 3.49760
-4.44641 2.93996
-1.13179 1.42136
-2.97716 1.31077
-3.35333 0.35946
-2.19792 1.61620
-3.96139 2.54997
-3.10930 2.30019
-2.60439 0.64766
-2.72867 -0.02513
1.64997 4.08595
-3.04416 3.14764
-4.10502 0.49394
0.40992 2.38355
-2.17689 -0.26952
-2.19005 3.71222
2.61242 3.57324
2.31441 2.52368
-3.30555 0.07449
-3.96557 1.93576
-3.46494 0.39690
-3.32543 1.26928
-3.33321 1.61306
-3.19676 1.04240
-4.13366 0.71071
3.38789 0.70732
-2.93699 1.66008
-4.37823 2.64150
-2.73829 0.44796
-2.49130 0.49858
-2.50611 2.33013
-5.48947 1.14037
-3.15048 2.93065
-4.81249 2.29145
-3.82557 0.38594
-2.94089 0.92859
-3.00760 2.45842
-3.77912 0.64567
2.28894 3.47161
-4.12563 1.46691
-4.48413 2.15938
-2.20301 1.53317
-4.40384 2.79818
3.54453 3.44754
-4.72254 2.38465
-3.02182 2.56041
3.75897 2.22806
-2.31957 2.34568
-4.09676 2.54322
-2.27220 1.96226
-3.35626 1.86861
-4.51618 2.64231
-4.10872 1.32646
-4.41524 1.67064
-4.52291 0.94161
-2.93399 0.78891
-3.43584 0.79855
-3.65335 1.20031
-2.30307 1.70817
-2.58891 1.42805
-3.41182 0.01510
-3.70148 1.64827
2.18031 1.16704
-2.35178 2.86602
-3.97142 1.08327
-1.36352 2.46719
-4.72487 2.12348
1.78402 3.07936
-5.64895 2.60694
-2.53779 1.15944
-2.93355 1.25539
-2.74377 0.54717
-2.67521 1.85992
-4.10840 0.65051
-5.48020 2.54077
2.18003 1.44873
-3.48416 1.02696
-3.44324 1.51642
0.14998 2.27238
-2.42194 1.94108
-5.92549 2.32210
-4.69135 0.81563
-4.33931 1.72938
-4.91237 2.54698
-3.42454 0.28082
-3.18428 2.72859
-3.60737 2.76391
-3.65978 0.39756
-2.60418 1.08708
1.98063 2.93360
-3.90292 1.06592
-3.35195 2.83318
-3.02491 1.44690
1.88882 3.93230
2.54211 2.54261
-4.02785 1.82329
-3.73329 1.84330
-3.18058 1.39011
-4.68268 2.29037
1.64162 2.21062
-3.13346 1.70026
-4.08816 1.49778
-3.04260 1.94681
-3.70502 0.72270
-3.11031 2.35144
-4.37802 -0.30150
-5.56647 -1.05155
3.61764 2.45013
-3.91873 1.65218
-4.04857 1.46649
-3.70882 1.51865
-2.75220 1.95109
-3.29801 1.87089
-3.48670 0.05570
-3.30508 2.21191
-3.91126 1.89255
-3.29256 0.59156
-3.88909 1.98075
-5.86988 1.87303
-3.87340 1.52584
2.88120 1.59552
-3.61809 0.45015
-3.12425 1.38995
-4.09494 3.42960
-2.82218 0.44581
-2.90635 0.69700
-4.46504 1.89246
-3.67436 0.31177
-4.15684 0.19096
-5.36849 1.21475
-4.54915 -0.27912
-3.81464 -0.14621
-4.07659 2.89825
-2.94505 2.77969
-2.76229 2.70398
-2.28377 1.25070
-4.69915 2.42988
1.13987 1.34289
-3.82660 0.58983
-3.35467 2.58282
-2.99871 2.03235
-3.70452 1.07388
-2.54047 -0.70060
-3.31450 -0.23258
-2.80754 2.03713
-3.20672 1.95630
-2.82103 -0.83278
-2.57140 1.96864
1.21326 2.41824
-3.87923 2.52797
-4.04897 1.31767
-4.13318 3.05863
-2.70036 1.31010
1.15576 4.50726
-3.17297 1.27310
-4.74011 2.04792
-3.19475 3.50937
2.96251 3.24060
1.16367 2.55551
-1.71320 1.35242
-3.41459 2.15546
-4.75138 0.10826
1.77163 0.19767
-3.00693 -0.44270
2.34684 3.44393
-3.97699 1.37580
1.50134 2.13616
-3.21416 2.37349
-2.16754 2.43043
-3.00599 0.76972
-3.47036 1.13045
-3.15050 1.52198
-2.39168 1.23524
-3.80204 2.11459
-2.73204 1.20250
-2.57322 0.83224
-2.82862 0.32197
-4.68026 0.55916
-4.44672 2.88115
-3.58200 2.92964
-1.79999 0.84243
-2.00107 0.83578
-4.10813 0.42077
3.15917 3.61391
-3.10482 0.28987
-4.56704 0.16234
-3.24730 1.13391
-4.57621 1.81032
-4.67001 2.56722
-5.21456 0.78335
-4.03528 3.35762
-3.01300 1.15729
-5.02180 0.71124
2.29436 3.26732
1.04975 4.26720
2.54637 2.63625
1.55385 2.62484
-5.15621 2.52468
1.64186 1.53563
3.04578 2.21320
-3.11671 2.53056
-3.79155 0.75744
0.25640 2.46051
-4.50881 2.28980
-2.89556 -0.96703
-4.49575 3.71859
-3.26608 1.59960
-3.74687 1.43971
-4.01179 1.96975
-4.28290 -0.19185
-2.73109 0.94855
1.21005 2.56748
-3.22131 1.36772
-4.86375 0.13597
2.57469 3.39687
-5.46521 1.53590
-2.69789 2.58297
-4.00983 1.57851
2.00928 2.64256
2.14926 1.71979
-3.80333 1.94479
2.60980 1.53289
0.68535 4.01218
3.01005 3.29238
-3.83236 2.29844
-3.49600 1.70516
-3.94680 1.63927
-2.70983 2.03209
0.69097 3.94426
-3.01055 3.15902
-3.99853 0.49880
-3.65446 2.09203
-2.09012 1.98352
-2.21121 0.39351
-2.15551 1.12631
-3.88101 -0.25019
-2.51566 2.01776
-2.98173 1.00277
-4.28299 0.94652
2.70037 2.72611
-3.16028 1.84936
-1.58049 1.10828
-4.40043 1.56023
-4.10324 3.06757
-2.25254 1.62556
-2.18018 0.52877
-2.61791 3.47674
-3.21103 2.25615
-2.70387 1.15275
-4.57959 0.61835
1.77568 4.07241
-3.10246 1.09503
-2.75927 2.70889
-3.32823 0.95161
-2.91071 3.33245
-3.63396 0.91598
3.57984 2.08393
-2.44112 2.70982
-4.46079 1.34386
-5.32580 2.35074
-3.10828 0.57218
-2.83326 0.59559
-3.40083 2.00890
3.54211 2.19727
-4.08163 0.83966
-5.43351 1.89449
3.55897 5.59368
-3.97564 3.21965
-4.34906 2.38459
-2.04053 4.78936
-2.99706 1.69735
-5.00649 0.43820
-5.03532 0.68238
-3.82689 2.07653
-2.82590 1.96996
-2.82162 1.17116
-4.74840 2.67289
2.03175 1.31592
-3.23033 1.26014
1.80005 3.23347
-4.83427 2.71157
-3.26273 -0.53697
3.37372 1.97503
-4.38604 1.24795
-3.48930 -0.97489
-3.80835 1.67907
1.49077 2.17104
-3.65530 -1.09127
-2.54387 2.07120
-5.70253 3.52015
0.71090 2.66419
-2.39722 1.83281
-2.85136 1.24883
-3.74967 0.51407
-2.54491 0.81160
-4.06319 0.88651
-3.39947 1.96789
-2.08697 1.66420
-2.20952 2.86501
-3.83661 1.35116
-2.54942 2.20227
-4.14948 1.06018
2.86321 1.44532
-4.73007 2.81508
-3.67724 -0.83764
-3.90655 2.29362
-2.28070 1.55424
-3.85375 1.51729
-3.70601 2.45096
-4.30075 1.41543
-3.08490 0.09042
-3.17080 1.70876
-3.79827 3.60365
-4.98812 1.48906
-3.87028 2.70316
2.13945 2.80426
-2.39693 1.40617
-4.56690 1.79714
-2.67121 1.58814
-1.64711 2.76383
1.86701 3.23954
-4.09301 1.40085
-4.22527 2.89831
-3.91650 3.30472
-3.45587 -0.05990
-2.61407 1.52486
0.93871 2.72367
-4.54023 -0.01934
-3.41490 1.21484
-4.35571 1.50654
-3.40516 1.88152
2.33943 0.98224
0.78103 2.37512
-4.76718 1.93390
-2.65618 0.82269
-2.41256 0.51393
0.11362 1.24273
-4.45633 0.69889
-4.21676 -0.01507
-0.79951 3.02123
-3.02360 1.04169
-4.09291 0.26663
-3.28532 0.76861
-2.97354 1.09971
2.76558 3.54562
0.16773 3.16008
2.63249 3.73658
1.12893 0.81179
1.16591 3.74556
-3.37676 1.59055
0.75766 1.01885
-3.83673 1.25282
-3.21805 0.46122
-4.30687 0.56375
-4.23700 0.69210
-3.87198 2.30559
-3.35854 2.27248
-3.80652 0.62273
-4.12984 0.63242
-4.14103 1.01799
1.93648 4.86852
-4.03483 1.59381
-3.42506 2.38210
-3.78045 1.34468
-5.18080 1.23483
-4.43614 2.46967
-4.19245 2.82777
-4.00959 2.32238
-4.47252 0.95191
-2.33247 1.61873
-3.15954 2.05400
-2.55384 2.86152
-3.80155 1.60004
-2.76734 1.99611
-3.35819 0.65641
-5.02929 1.82297
0.87067 1.87647
-4.48070 1.87381
-4.51537 2.95375
-3.25039 1.08388
3.85529 3.93302
-4.57948 2.22935
2.66216 2.88103
-4.06842 0.01174
1.64322 4.80399
-4.44200 1.34556
-4.09650 2.70502
-2.91260 -0.46823
-3.94394 1.49895
-4.19268 1.57287
-2.86010 2.58254
-3.80002 3.13891
-2.23315 1.76475
-3.77782 2.43591
-3.15584 1.23491
3.62703 3.32753
-3.20031 3.53844
-3.30437 2.54555
-1.53593 0.84450
-3.58071 2.32443
3.13801 1.91747
-4.45703 1.76672
-4.54034 1.72603
1.63428 3.71952
-4.19193 1.21601
-3.04775 0.44359
-4.41759 2.27636
2.67495 1.97866
-2.05702 1.98779
2.23748 2.83301
-4.89870 2.16446
-3.67719 0.31447
-3.95236 1.80154
-3.47738 2.24870
-4.04644 0.77183
-3.76948 2.61987
2.48108 0.30922
3.36808 2.10316
2.70366 1.61870
-2.22216 1.44762
1.47964 3.12712
-2.28791 1.95266
-3.82584 2.00973
-3.45534 3.88649
-1.78449 2.50861
-2.95037 1.60173
1.52421 3.78847
-5.01887 1.89275
-3.11476 3.60757
-2.85167 1.20110
2.32853 1.33097
-3.36417 1.85859
-3.75917 1.77320
-3.64545 1.32670
-3.19307 1.30647
-4.47372 1.37763
-3.24131 0.82529
2.80228 2.97643
-4.85231 0.95264
-4.25704 1.30140
-5.70310 3.56993
-4.38210 1.55058
-2.98485 1.69022
3.09078 2.50080
-2.64955 0.99798
-3.02267 0.97617
-4.38479 2.75801
-3.42871 0.87651
-3.76690 2.03781
-2.67334 1.96080
-3.06355 1.30479
-2.77040 0.88465
-4.18291 1.03144
-3.11805 2.01916
-4.30795 1.85327
-3.68482 0.28636
-4.20815 0.70660
-3.16160 2.49277
-4.11873 0.69808
2.61492 3.88420
-2.77781 0.27389
2.32414 4.15149
-3.41767 -0.45582
-3.98223 2.46405
-3.92037 1.48356
-2.98727 1.94107
1.28458 3.31661
-3.28124 3.02433
2.02831 3.97714
2.03449 3.14238
-3.26832 0.83044
-3.39473 -0.37064
-4.54832 1.05084
-3.38840 2.12536
-3.57308 0.59288
1.95667 3.99036
-3.73764 -0.34292
-2.16607 0.08295
-3.38503 1.79339
-1.36224 1.02098
-3.82798 2.56511
-2.69155 1.14332
1.57701 3.84385
-4.58256 2.24339
-2.36940 1.36183
-4.41617 1.29839
-4.46959 3.50847
-2.44881 2.12401
3.00908 1.50057
-3.29511 1.99299
-3.31023 1.09720
-2.03593 2.92592
-3.19044 0.78913
0.36567 2.73543
-1.58122 1.68423
-2.53968 1.62459
3.62481 3.13595
-3.86155 2.48997
2.10329 4.21029
-4.20265 2.02261
-4.65829 1.92470
2.32547 5.34187
3.01897 3.36269
-4.09690 0.55153
-3.19968 -0.42981
-2.36140 1.81882
-4.38631 2.60870
-2.98275 0.29456
-2.29270 1.68754
-5.04340 1.77996
-3.91932 1.52873
-2.67163 0.68075
-5.20549 1.86044
2.09480 3.89930
2.61802 1.06595
-4.27048 0.51214
-4.14600 1.17225
2.34081 4.09796
-3.49696 1.65209
-4.17480 0.34103
1.92743 4.13118
-3.26138 3.13353
-3.64088 0.82095
2.13435 2.07037
-3.81446 1.34379
-2.77545 0.32637
-3.87979 1.61970
-3.74615 0.82829
-2.51883 0.23584
-2.28673 2.68516
4.50345 2.89665
-5.91826 2.08561
-4.37285 1.87277
-2.71746 1.47273
-3.92542 0.68376
-3.49298 1.37848
-3.00545 1.01188
-3.52135 1.64157
-4.01272 1.61499
-2.55441 -0.37911
-2.88793 2.30548
1.72531 3.72412
-4.15752 1.69263
-2.28795 1.25706
3.02190 4.30429
2.50362 3.81933
2.47576 1.09534
-5.20697 1.63744
-3.87556 3.08169
-3.53526 2.72434
-2.88076 1.15523
-2.77839 -0.35636
1.92455 2.27164
1.62581 1.09372
-2.25040 1.85083
-2.63098 0.75334
3.95118 1.54557
-3.48883 2.47513
1.54211 3.25269
2.02445 4.10397
-4.53485 3.56697
-3.32846 0.63274
-4.61943 1.94220
-1.59144 0.05355
-4.95166 1.05171
-5.16018 0.91884
-4.32276 1.43169
-4.13237 3.15828
1.54005 3.38702
-3.27989 1.91314
-2.74320 2.08774
-4.93527 2.62269
-3.51118 1.82150
1.38694 4.71951
-5.74749 1.76247
-4.08005 1.16626
-4.42643 1.58497
-2.57745 2.15472
-3.93970 -0.40310
-2.92964 -0.72670
-3.69928 1.34419
-4.03391 1.68827
-4.18021 0.70186
1.36316 2.47142
-2.65851 0.09747
4.52689 2.37914
-4.92384 1.83927
-3.70494 2.66195
-3.76873 2.82559
-3.18995 2.99441
-3.49146 1.43392
-3.39175 1.57245
-3.61561 3.08166
1.69333 1.77517
-2.81005 3.30454
-2.95665 2.37878
-3.76200 1.27339
-4.93195 1.37141
-3.74438 0.23676
-3.79667 3.63945
-2.82424 2.24391
-3.98083 0.51933
-3.72544 1.88696
-4.14056 0.52343
1.59709 3.25013
-1.94109 3.05810
1.71242 3.89866
-3.70391 1.08573
-2.30527 2.37119
-4.07692 3.02381
-4.71780 4.96921
-2.15212 2.29798
-4.57454 1.25199
-4.26625 2.83365
2.53425 3.34986
-4.04707 3.02368
-3.07085 0.82931
-2.77464 1.91649
-3.46613 2.82370
-2.78931 1.70176
-2.70991 2.27247
-2.92906 1.85655
0.85608 2.84389
-3.80381 0.15969
-2.75604 2.01248
-4.56119 2.39500
0.78005 2.69252
-4.27132 1.00140
-4.89898 1.74783
-4.02350 0.84891
-2.94282 0.65857
-3.70921 0.49611
1.98719 1.80323
-3.56494 3.27515
-3.38241 0.93335
-3.78915 2.10687
-5.04081 1.85043
-2.56692 -0.18986
-3.65851 -0.07573
-2.79971 1.09194
-4.80491 1.41215
0.85740 2.69156
2.82788 3.37238
-3.26888 3.07512
2.86565 1.83607
2.25911 3.51897
-5.00785 0.92356
-3.01503 0.18027
2.19768 3.08376
-4.67142 0.76196
-4.46503 1.37667
-2.40172 1.67194
-2.15378 2.16355
3.10997 2.33977
2.93143 4.88853
-4.01425 3.36869
3.34382 2.65096
-3.18272 0.99484
2.15418 2.18669
-0.55377 3.63090
-3.63493 2.74162
-1.62190 0.88309
-4.83555 1.93396
-4.46964 3.61248
-3.32121 2.11832
-3.30541 1.47888
-2.68522 3.03924
2.52851 3.41871
-5.25106 -0.33052
-2.40547 0.98377
1.58196 1.09020
-4.21048 1.31841
0.00695 3.99472
-2.55097 3.01997
-0.14937 2.68722
1.36443 1.50602
1.39305 3.01533
-3.32496 2.49253
3.84489 3.05837
-3.86508 2.10225
-2.96168 3.06988
-3.94472 2.38003
-3.89971 0.79066
-3.19305 2.85579
1.64272 2.11511
-4.35764 -0.26740
-4.18824 1.22945
-4.74102 2.06786
-2.66747 4.38560
-3.50498 -0.12305
-4.62759 1.76746
1.97054 2.10026
-3.83033 0.68578
1.91080 2.55904
2.07294 4.76032
-5.32856 2.25537
-3.89224 -1.22637
-4.25814 2.40091
-3.39264 1.94229
-3.35600 2.62014
-4.98003 4.13695
-2.85232 -0.97799
-3.53973 0.83200
-4.32395 1.96774
-2.60123 0.45833
-3.66136 2.40076
1.59887 4.90499
-3.96400 1.55645
-4.13612 1.40335
-3.34765 1.73141
-3.30965 -0.15761
-4.16342 0.42030
1.55408 4.29245
-5.44437 2.16578
-4.98741 2.45950
-5.26200 2.20653
-3.62637 1.83780
-3.86207 0.90833
-4.65701 1.18231
-2.24495 1.82019
-4.70093 2.68720
-4.05076 2.26426
-3.90942 0.48344
-2.86826 2.09337
-3.30417 2.53397
-4.64943 0.52023
-3.52789 -0.03500
-3.49935 1.68412
-2.28196 1.98880
-3.78161 2.07093
0.36747 4.01927
-2.34281 0.83450
-3.47860 2.07220
-4.05420 2.67896
-3.27348 1.69137
-4.00149 0.00079
-3.91945 0.60486
-3.33060 1.57518
-3.97724 1.61432
-1.90472 1.78953
-4.44056 0.63977
-3.62915 2.47796
-2.73409 1.17164
0.22788 1.77811
-3.06725 2.20264
-2.79958 1.77560
-3.30641 0.90206
-0.71884 2.69515
-2.40078 1.33670
-3.39328 1.52291
1.99727 5.99207
-2.88656 2.18377
2.67245 0.11499
1.20092 0.95309
1.51610 3.61305
-3.30743 1.89643
-4.31422 2.29692
-3.64334 0.75641
-2.62559 1.03613
-4.71404 0.33985
-5.18269 3.67623
-4.09185 2.17899
-4.57441 2.02106
-1.73578 -0.10211
-5.86946 4.39468
-3.84375 2.19615
-3.29108 1.52769
-4.97440 0.86855
2.01598 4.53859
1.49291 2.58335
-4.81116 2.55864
-4.14434 0.71870
-2.66038 2.36510
-4.39969 1.65276
-3.44119 1.61691
-4.57651 2.25255
-3.83762 1.51424
-2.97292 0.83646
-3.79212 1.84789
-3.68441 1.18617
-4.28236 2.07707
-4.23747 2.53937
-3.72448 -0.60927
-4.20409 2.22987
-3.15761 2.89839
-3.93876 1.61638
-4.36903 -1.80975
0.93229 1.29758
-4.59834 0.56921
-4.17206 3.02227
-2.70653 2.86631
-3.12410 -0.34716
-5.08868 1.27103
-2.18964 1.31896
-3.26978 1.62688
-4.11980 3.06468
2.55315 1.99658
-3.22355 2.12136
-3.20106 2.11449
-2.47725 1.16406
-3.56433 2.03187
-3.82423 1.55693
-2.48530 0.84871
-3.34382 2.24871
-4.25848 1.10722
-2.10240 1.82282
-3.45661 1.41747
-3.03341 -0.37921
-2.48352 0.89456
-2.68889 0.64254
-3.69234 2.45624
0.73061 3.83960
-3.08103 1.26511
-3.10342 1.92744
-3.03108 0.77829
-5.20976 1.40339
-3.91057 2.86255
4.23951 2.64252
-3.85010 3.17312
4.55669 4.67262
-2.94440 0.22018
-4.45137 3.18789
-2.97907 0.99180
-3.08431 1.98612
-3.87206 0.87737
-3.26853 1.92072
-3.07455 2.01144
-3.41518 2.38822
-4.11339 -0.48146
-4.11464 1.76512
0.09463 1.19525
-5.31992 1.21382
-3.42368 1.01442
-2.54941 0.74235
-5.08304 1.35176
-3.22562 4.19329
-4.68115 2.85688
-2.06363 1.76776
-3.18099 0.18844
-2.02476 3.27778
-3.22289 1.80227
3.61499 1.52519
-3.44366 1.06689
-2.94980 0.81021
-1.95160 0.89007
-4.50870 0.83121
-4.00992 0.91517
-3.16453 1.67327
-2.58872 3.57606
-3.79641 2.26828
-3.23314 3.38176
-3.70209 2.23400
-3.61150 0.56637
-1.90707 1.28358
0.32258 4.78776
0.39035 3.30617
-3.28498 0.59986
-3.12542 1.41683
-4.04954 0.67642
-3.89417 1.16139
3.03421 5.33670
-4.32782 1.19496
-2.28891 1.91843
-4.64360 2.42887
-4.10530 0.23473
1.58497 3.71706
0.92732 2.64555
-4.75126 2.50585
-3.74027 3.15329
-2.37677 0.30325
-5.75618 1.31632
-3.40582 2.57708
-3.17129 1.91402
2.69578 4.02320
-2.54913 -0.17997
-3.95897 1.87477
-4.62094 2.41863
-4.41274 1.00469
-3.04320 2.59400
-0.49503 3.27623
-4.62961 1.84795
-4.26083 1.76405
-4.20733 1.02574
-3.37936 1.30345
-3.58218 1.67601
-3.78018 2.43782
-3.26925 1.36562
-2.88097 1.94623
-2.08556 0.67775
-3.02961 1.89157
-4.47538 0.84110
-3.44411 1.38732
-5.29468 1.09949
-4.57803 2.86470
-4.68645 1.83603
-2.96799 2.45685
-3.86071 0.69604
-3.69669 1.52691
-5.11520 1.95036
4.54029 4.33856
3.96481 0.36391
-2.71580 2.59734
-2.74496 2.93501
2.01282 4.30829
-2.64496 3.34824
-4.92489 2.98585
3.45807 2.86384
-3.48762 0.43779
-4.78841 2.20540
-5.82037 0.98073
-2.56143 -0.06658
-3.45731 0.71730
-3.41593 2.39614
1.72857 2.81172
2.60232 2.10163
-4.53915 2.71636
-4.44923 0.35914
-3.33660 2.94720
-3.41304 1.36675
-1.73059 1.32460
-3.39082 1.95545
-1.50671 1.85994
1.00973 3.78371
-3.75211 0.88592
-3.44084 2.11649
-3.97413 1.74264
-4.47145 2.63421
-3.98756 1.64333
-2.76165 2.70408
1.86465 2.00545
-3.41761 1.50270
-0.14543 2.70374
-4.38042 1.35933
-1.54786 1.79987
-4.06851 1.76224
-3.24814 2.99993
-3.25101 2.17909
-2.96968 1.00177
-3.34923 1.16869
-2.19580 0.83669
-2.98721 0.90139
-3.22569 0.41444
-3.88575 2.03980
0.80440 2.20494
-3.69252 2.11773
-4.68068 3.60762
-4.69921 -0.86152
1.88596 3.84298
-3.06657 2.44088
-3.39509 0.09327
-3.94729 2.57754
-4.77182 0.84566
-3.09260 2.27862
4.44390 0.09196
-5.28415 1.40607
-2.81696 1.72303
-3.31371 0.44521
-2.84419 1.83210
-3.61143 1.90207
-4.09523 1.36672
-3.28637 0.44898
1.62852 2.93615
3.04029 2.59162
-4.63625 2.83818
-4.62569 1.98236
-3.49035 2.50983
-3.81008 3.97957
-4.74845 1.69618
-2.92473 0.38926
-3.58684 2.71055
-5.66656 1.50611
1.18871 3.68375
-2.65263 1.13635
-4.20048 2.53016
2.86245 2.99765
-2.62627 1.31543
-4.11639 2.18365
-2.00003 1.74446
-4.16468 2.41530
-3.02797 2.74878
-4.56433 3.13493
2.45546 2.89008
-4.51524 1.13738
-3.21610 1.68950
1.03435 0.64417
-3.07998 1.03658
2.24045 2.12378
-4.27865 2.10597
-2.56510 2.14576
1.72796 1.86508
3.04421 2.44966
-3.91162 2.28720
-3.93437 2.43891
-3.73261 0.90147
-3.94992 2.11132
-4.70226 1.85951
-5.25347 1.55918
0.49419 3.39950
-4.31097 1.35875
-3.50323 2.86372
-1.88034 1.15034
-2.88581 2.86856
-3.53489 0.61562
-4.08009 1.29159
-4.36490 2.92138
-2.47428 0.26459
-2.70111 0.56369
-3.52000 1.88077
-3.10108 1.62186
-2.79221 1.62261
2.04612 1.10561
1.05505 2.44652
-4.14507 1.33624
-3.57411 1.26502
-4.17599 0.41367
-2.57045 1.53767
-4.53237 2.66955
-2.55491 0.09578
-3.34140 3.41935
-3.50385 0.73345
-4.04444 0.39362
2.36381 3.94606
-4.33632 2.01099
0.98371 4.15317
-3.11345 0.35447
3.22416 2.27046
-4.75204 1.02250
-3.78665 2.11620
-3.83811 2.73165
-3.64579 2.09619
-2.21652 2.00615
-4.26045 2.34572
-4.97627 0.97750
-4.20428 4.24017
-3.86742 1.29743
-4.92631 2.51725
-3.53099 0.42368
1.37894 3.19950
-4.36364 1.89882
-2.81440 1.80853
-3.79291 0.70901
2.71882 3.52379
1.34264 3.18977
-3.05871 3.98501
0.10860 2.07876
-3.71056 0.78853
-4.88899 0.99201
-2.78283 2.73015
-4.09405 1.56473
0.87277 2.61730
-2.61728 2.44649
-3.30293 2.05410
-4.06791 1.03660
-3.82963 0.70196
-4.83495 1.86835
-3.74918 1.98697
-3.60963 2.75196
-2.72277 1.94183
-4.32030 2.21144
-4.18179 1.83448
-5.05967 1.25148
-3.20231 1.46152
-5.06763 1.72674
2.54300 2.43195
-3.11458 1.82068
-2.54730 1.99197
-3.00533 2.60111
-3.15634 1.99372
-5.01945 3.57160
-3.84043 0.59331
-3.12126 3.90522
-4.67588 0.64506
3.52720 2.58899
-3.63845 1.57253
-4.69758 3.23519
-3.25409 1.54970
-3.61494 0.57302
-5.17681 2.29141
-2.29477 1.18237
-3.77620 2.50939
-3.50265 2.46091
1.90946 1.39621
-5.00909 0.26914
-4.95322 2.21999
-3.55169 1.51434
-5.55582 1.31448
-4.06058 2.19884
-4.51482 0.92998
-4.30371 3.23601
-3.61365 1.44088
-4.45106 1.84424
-2.19979 3.24584
-4.29201 2.49486
3.45266 1.20637
-5.29942 1.79278
-4.33446 2.59437
-3.19661 1.16547
-4.00646 1.25764
-3.50748 1.51797
0.87984 1.22607
-3.95526 2.63106
-3.40656 1.57736
-4.96412 1.93841
2.55152 3.33427
-3.31676 2.03806
-4.65339 -0.05619
-2.90047 0.88701
-3.64125 1.51847
2.16073 2.04712
2.37376 4.01552
0.76135 3.56218
-4.16974 2.27019
-3.51606 2.97544
2.95552 2.14757
-4.02450 1.97939
0.16128 4.51607
-3.56070 0.49378
-4.31813 1.82199
-3.90968 1.85997
-3.85802 2.33912
-5.10400 1.28228
-3.17816 1.88242
-2.76140 2.54822
-4.09067 2.28559
-5.05766 1.41483
-3.74051 2.14958
-3.28502 0.49598
-2.58952 -0.69650
-2.79336 2.51436
2.26510 2.98343
-3.91830 2.39871
-3.03552 0.20610
-4.71314 1.62756
-3.76031 1.56919
-2.09215 2.02729
-4.54065 0.05684
-2.83823 0.82678
-3.80513 1.40209
-4.72013 1.53800
-5.69984 0.90618
1.52619 4.29811
-3.92212 0.66393
-3.79267 1.69046
0.53129 3.69073
-5.36048 0.78288
-3.01656 2.90332
4.03201 3.64832
2.42399 2.84035
-2.43098 3.22712
-2.61389 1.64472
-3.35500 3.13341
-3.21856 2.54675
-4.23913 1.91487
-4.03683 1.97798
3.37562 2.94177
2.11676 3.41126
-3.17235 1.95688
-2.30279 1.28644
-2.43561 1.21682
1.52965 0.94386
-4.84734 2.37703
-4.14051 2.91235
-3.56807 2.10661
-3.13707 1.07482
-4.14254 1.16081
1.27450 3.06018
-2.93971 0.61634
-4.48245 1.53071
-4.65766 0.63919
-4.97915 1.64054
-4.78009 1.99651
-4.35964 2.50118
2.70217 2.92998
-3.11745 1.66418
-4.05135 2.49477
-4.93009 2.96368
2.65581 3.81684
-3.21889 0.26696
3.56726 6.36008
-2.89497 1.99296
-3.45565 1.49193
-4.38354 2.68555
-4.15032 2.27253
-4.73894 3.11713
-4.87149 1.63110
-3.96304 1.55993
-2.56662 2.61175
-3.86879 3.54110
2.61792 0.12173
-3.13228 2.88131
1.05730 1.30415
-3.65198 1.75328
-3.20985 2.10203
-3.64511 2.90640
-4.13075 1.81971
-4.45123 2.23990
-3.28425 0.75511
-3.62323 3.27996
-4.20640 2.05573
-3.59351 3.58599
-4.59793 2.55835
-3.14921 0.76246
-2.33203 2.48260
-4.73923 1.09661
-4.22641 1.84333
-2.51542 1.06308
-3.68363 2.78843
-3.79862 1.72466
-2.35266 2.82632
-2.42013 1.35984
2.49968 2.98425
-2.74966 3.34597
-2.82194 1.88771
-3.41001 0.73635
-6.22813 -0.01541
-4.37331 2.02753
3.82281 2.62774
-4.48083 1.35469
-3.52055 1.52080
-3.59486 2.37238
-3.63314 1.23378
-4.57756 1.87428
-3.65150 1.16609
-3.80004 1.43838
-4.44979 1.86707
-2.80759 1.76367
-3.99059 0.84411
-4.37922 2.42706
-4.03398 1.11370
-3.07020 2.90814
2.38747 1.55378
-3.22196 -0.19430
2.12682 3.99939
1.05004 3.05653
-4.59858 0.76665
1.28175 3.91412
-4.23386 0.55610
-3.04315 1.38940
-3.66087 0.98649
-2.26505 1.16064
-3.75102 2.13577
1.36862 2.54501
-3.51241 2.53335
-4.34143 0.59600
-3.18949 0.14769
-4.21641 2.22635
-4.69044 3.96058
-2.93015 1.27638
-4.12164 2.30297
-4.74722 0.91741
-3.98501 1.97397
-2.90361 2.47314
-4.47651 2.05144
-3.26328 1.66249
-3.94845 3.29182
-3.43163 0.32865
1.90665 0.97135
-4.01752 1.96124
4.45313 2.54001
-4.44656 1.92485
-4.87003 0.03218
-4.14385 1.62831
-4.33113 2.38594
-4.50414 0.43941
-3.74968 3.24198
1.05881 2.04643
-3.66833 2.02818
-2.33593 1.01050
-3.67984 0.98643
-2.69335 1.40017
-5.73298 2.61792
-3.32133 4.07463
-5.11114 1.80323
-4.12500 0.82199
-4.01385 1.92399
-4.45726 0.54380
-3.39858 1.85326
-4.46105 2.13431
-3.43393 3.90913
-3.41654 1.58498
1.04245 2.15931
-5.52021 2.22583
-3.20302 3.27111
-2.88483 1.21317
-4.48507 0.57299
-3.83259 2.41546
1.66229 1.49521
-5.04851 0.61373
-4.79742 1.61815
-3.85076 1.92864
-4.07330 1.28670
-3.29538 2.34646
-2.98423 2.88670
-3.57931 1.49035
-3.18617 1.09333
-2.02052 1.77446
-4.02111 0.97473
-2.63335 0.30516
2.40885 2.49835
-3.22121 1.67006
-4.52432 1.86795
2.90888 3.12177
-2.05561 0.73729
-3.81811 2.30512
2.37342 1.73666
2.42141 3.07158
-3.98169 2.73274
4.85896 2.38570
-3.51232 2.10704
-4.37672 1.16134
-3.40150 2.19045
-2.54523 2.13729
-3.69415 3.07497
-3.26088 2.93521
-3.52142 2.21868
-4.23115 0.52884
-2.87153 2.18644
-3.63899 4.13358
2.48183 2.96290
-4.39798 3.43572
-3.96221 2.58767
-5.15148 -0.48854
-3.24051 1.53433
-3.90454 2.25466
-3.58293 3.44411
-3.94590 0.65106
-1.84845 0.96549
-4.44464 1.89678
-3.67609 2.25374
-3.75556 1.67771
-2.95242 1.89655
-3.95455 1.41626
1.78195 4.71257
-2.89260 1.56917
2.33982 2.02128
1.91276 1.98540
-3.57223 1.38054
-2.63324 2.37784
-4.51968 0.61891
-4.99606 3.28079
1.15634 1.46171
-3.80711 2.39995
-2.67292 2.14835
0.59338 0.65664
-3.32151 1.37434
-2.96330 -0.17732
-3.98849 0.72439
-3.84748 -0.03641
2.89936 2.39621
-4.55839 1.82828
-3.65243 1.12636
-3.71481 2.25548
-3.09136 1.48105
-4.65799 1.34951
-4.24840 2.14079
-3.00996 2.96407
-3.47751 0.87750
3.36846 -0.08526
-3.04785 -1.51451
-3.06801 1.70001
-4.36870 1.13170
-3.36071 0.35330
-4.32557 3.61988
-3.88879 1.44404
-2.91585 1.92342
-4.44105 3.12215
-2.28674 1.69509
-2.54394 2.46498
-2.26814 1.93069
-5.75250 -0.46718
-3.00180 2.11059
-3.82462 1.51213
-3.60486 1.66837
-3.23263 1.67307
-3.26093 2.32791
-4.89915 0.70416
-3.97151 -0.53055
-2.22813 1.29208
-1.38629 2.66849
-4.47766 1.08992
-3.98101 1.60771
-3.83694 3.95018
3.75775 3.25177
-3.62846 0.78700
-3.31641 3.08302
-2.92165 1.88051
-2.96602 3.44094
3.87452 2.29265
-3.31631 1.16722
-4.27891 0.64530
-3.50614 2.13834
-4.61127 1.26206
-3.69039 1.25736
1.75950 4.50493
-2.81487 0.41000
-2.97957 2.12259
-3.50462 0.85506
-3.80713 2.01382
-3.79057 1.38784
-2.28060 2.74701
-2.45876 3.03292
-2.22900 2.00387
-4.41525 1.83101
1.44567 1.17984
-2.64421 3.20685
2.13018 1.07090
-5.95066 0.23178
-3.82105 3.10317
-4.88774 2.87544
-3.59295 1.64343
-2.83033 0.45316
-2.29510 0.70423
-2.89547 0.00904
0.97707 1.81420
-2.63923 1.12828
-4.58383 1.29534
1.46250 2.86593
2.57279 4.50629
-3.08613 2.06462
-4.28658 1.47682
2.19843 3.78525
0.10482 2.69918
-2.17396 1.36239
-4.32636 2.51019
-3.92604 2.16908
-3.72180 1.71781
-2.79096 0.44468
-2.63203 1.58973
-4.33385 3.37548
-2.90066 0.34553
-4.05767 2.15293
-2.97559 1.64925
-2.02884 2.23927
-2.83060 1.07843
-2.48729 0.82379
-2.99592 0.96121
-2.74552 0.98939
-4.17511 1.93963
-4.42481 0.93634
3.47710 2.57379
-2.74002 0.61531
-2.77038 2.13044
