160	8
2.037760996497101	1.6888424463370362	1.5662823865233568	2.9604420544444063	0.24605976781940284	4.743500464340443	4.317075681354638	3.778061779408799	
-0.9249347215555004	-3.9006654756207695	1.6514249111396242	3.155085982536261	-0.1531459221510365	5.701069189418876	-2.689408493380009	4.802357068409185	
-4.271110788076127	-0.24963141725835453	-3.6853971114263127	-1.4243527903161972	-4.160370360121571	3.6633494797178265	-0.8654401432185723	-1.4291262061649246	
-0.04291396078517806	-3.2599517372883153	1.5467759129908236	4.677715003476906	1.8553598251205532	3.986787634480063	-1.7256761858345488	2.3550956647937555	
4.223415601487003	0.5531363813670396	2.2524844727188382	2.4408721904391486	-0.18749148965443463	1.6158183628360936	4.174672397756648	5.047864052933414	
-3.61924251862963	1.1163383689947048	0.3620685348885956	1.4242447376115226	-0.36675834951293407	-1.7792523437657646	-6.156419865117948	-5.719914008805817	
1.149378649293838	-1.3717826902223988	3.1857840033375524	0.11615745386628573	-0.9671901510456109	1.39211814368163	-2.291393467517032	2.3782026425552667	
-4.520428379453844	-1.3230909716706327	-1.1188450774286316	-3.207745483736038	-0.8017809970431097	1.3775615516391275	-1.7133276277750313	-1.508757504230184	
-0.11446567604565153	-3.485406210250501	2.1667462106261874	3.957285836153982	2.2075340377796824	5.793863887057842	-3.972055246165829	3.8358161994426974	
4.396367060101912	1.6811473881123185	3.246711082150392	4.038636393685842	-1.785665326201069	4.384906838081252	5.444138984634593	4.101554986253105	
2.8605571081894463	2.174290164389925	4.290305913827469	2.627624712135842	1.059940679129793	3.831253345748795	3.3472912243562876	6.0444118369962965	
-0.8854274269695113	-3.3682701149939795	2.622468057164972	-1.9201257397568068	0.4081985753084252	-4.297576587930448	-2.4194287448916776	-0.7433345228107273	
-3.1738670487703917	1.8530350844853163	-0.7828905021699294	-0.6212931148427987	0.5033500518188757	-3.9270108014352596	-7.52152135634182	-4.868033799371642	
-5.4577910007503005	-1.8425455377986009	-2.8422327969038212	-3.2492753282439644	-0.9450826365715265	2.5110521997729127	-3.0262787621308984	-2.6125763767124077	
5.162322290938777	2.7710249279016255	3.122610695807955	-2.8150237929042317	2.2276888894133604	-1.441299953795964	4.094824063131294	-4.37903275332157	
0.49602054840093107	-1.3452069211308	1.558902254701195	0.6122513837058541	-2.292884020065321	3.120781480058364	-3.7658421688623314	1.2623732517688075	
-0.5552807973450027	-2.797695161135843	0.8060059726924762	2.059275369017907	0.7966695747791813	4.393928432018825	-1.7204937896837356	5.223274004122576	
-0.52936817781158	-0.9467526121987306	1.2230708918610327	0.863606411017753	-2.1203499762622746	2.3894841138734764	-3.1466654982993933	-0.058444737927607404	
-1.6803579747047763	-1.303045336381655	2.1593406480343567	5.2787944929816595	0.3156759389120548	3.946556047157677	-3.7055786666564403	4.75421350846143	
-5.115069216455697	1.7282133055896367	-0.08616835897331734	-0.5363206043631222	0.9679841192236773	-1.6463237107596163	-5.712621933285319	-4.973789271807445	
-1.5327836368167456	-2.9015087968863833	3.9983264952989765	-2.824661569015365	-0.936548268708599	-4.890450209800861	-2.1477050434235907	-1.0790700926980117	
-2.3916159174664107	2.6206290788946616	-2.1857630510537973	1.5587300084808429	1.0053434741369822	-2.57830745651071	-4.9006043862016755	-7.556589433388515	
1.936520945805303	2.4932190252046995	2.0073804897292025	4.58609229573646	0.5984721337687727	4.187352806742928	4.757497731676994	4.643877315237473	
0.15610818269632554	-1.1988915147280832	0.9577511934916799	2.4792956187053363	-2.7505756190766264	3.184795165675852	-1.884534636263044	-0.34723450668189715	
2.5142667580028912	3.141447012012624	0.6413062601203268	4.160490185894851	-2.8092663024915536	2.913608074768173	-3.2244056394732237	2.426980383438964	
4.274579828687089	1.5040114893712602	1.050282487643674	-1.635969931486133	2.844503979424486	-3.7770328683902665	4.6248819462955595	-4.1146035256233136	
-5.219034403239457	2.2790181836914782	1.6945735644088542	-0.5548309179501181	1.2426957089705954	-2.6794334181665125	-3.5304083262132515	-4.612141333131692	
0.2260888571031594	-0.2641912446754655	2.2254108214139894	2.09614793915025	-2.1098672195973154	2.9461175495527723	-4.142824436346899	1.6835460496781112	
4.3212089005008245	-1.3766607083446127	-4.112436139370596	1.1972696641497298	-2.2346480287228423	3.068040290188675	2.409621775507209	2.142909489576007	
4.633581108040751	0.24216726018718204	-3.8113797803592955	3.451551597488617	-2.1812812248124156	3.482108888705149	0.97706675111199	1.8401819159839021	
-0.2233455445602947	-3.897740968460932	3.634991509853222	5.573732914577998	1.5554184957545873	4.820766302747977	-1.6963447193467829	4.293928053043637	
-0.7291066573901108	-3.3424983817145857	1.415579209264894	3.9048016466289797	-0.3301829287346618	4.1936048863823085	-2.617492849452175	2.735814920037744	
-0.1585348069926078	0.41975923773261403	0.7954449488999843	0.4525796857320446	-2.6964872038141814	2.618856351305701	-4.57342013801524	1.0912346201249796	
3.546260874411868	5.791455998761503	3.903489526758524	-3.169626563938225	2.348979644975989	-2.1148460383864522	4.32362566118601	-4.2052617040530995	
0.25666617914868084	-2.221497583832094	3.154672760788233	3.9142024110199047	3.139628681907848	4.043883644891496	-1.7209200685247779	4.609962946048001	
1.4215875555785864	-1.515362142799475	3.3762902838746953	1.1090873804196395	-3.9066647446099383	2.810913099098468	-3.266597587216485	-0.539479303604729	
4.501185668977929	-1.658435912599343	-5.501034629645307	3.9550043759860123	-3.3311627972932145	4.697828192990406	0.5778967678457048	0.7879076714710375	
4.742684149808632	-2.3973796379710643	-6.985580944757318	2.6107670963608145	-2.35810288091966	2.4534446139091735	1.6143587896332419	1.53889943979499	
0.4252513876285273	-2.107369680372792	2.757961453121782	4.327751553580598	-0.28429909181814295	1.8497822187348922	-1.3191489171626491	4.181268574287554	
5.096851615124625	5.041019203476398	-0.8837109584860108	5.0740551415688575	-4.878455286768274	3.5863991672964524	-3.539828902483203	2.1242932574065345	
5.867593216310695	0.8492576457869441	-5.134537659074245	1.803901491752472	-3.5364594029987204	3.007885686811582	1.6276193574255795	1.7094742133866205	
-0.9784293662238691	-3.3357122218990956	1.4495621549608901	4.205666123803482	1.3516511274323932	3.2731046893773836	-2.9892312865519877	3.446169279885803	
1.4189595410002052	-3.2273497561629774	1.907858574718369	4.427044937075765	1.617903481790354	5.1298796001832	-1.0599511355226676	6.051878093620678	
1.8424754254487055	-1.4210841873471427	1.732279946171808	0.5799919121641712	-2.1473455911985124	2.0235648777974706	-2.39189504056857	-0.48370840791450176	
2.5778070431359654	3.7188543748475995	0.6540730747790355	2.352434013671686	-6.51228969853589	1.9888923205221696	-4.754096112549631	3.211605700754677	
4.508483237684838	5.605710756847671	3.2219503092223114	-3.312882038952078	0.39480115337630695	-3.3357109548265536	2.9329832778000453	-6.286198519562541	
1.8231797478474134	-2.8686678965546655	4.71510540440811	6.05437754418351	2.119298305633155	5.191270875503875	-2.5676914920475196	4.021122283647603	
1.7201628165140697	-2.459091491737384	3.0209535179839584	0.7976905031522727	-2.342594104011087	2.107823612268405	-5.046570723008523	-1.0357123617730837	
-0.7445660139888688	-3.750058699586591	1.596766256215292	2.978751628689997	2.1237984158694028	4.230346485574113	-3.0072766409488323	4.385886272961028	
0.20452897828365801	-3.857508432007875	3.740107496532807	4.501248589427352	0.7891562515916535	3.7690667824292037	-3.1023724063502596	4.471947370789665	
-5.009851279140954	0.6699270848675402	-5.155730253267314	-2.1489365687234177	-4.055171863503879	3.8676452203567244	-0.9577247417109622	-1.1597793645789891	
0.22395058867524303	-1.3952587001434293	3.794243549118408	2.7960146739831213	-3.878618330989081	1.7539551853148838	-3.5463606472036355	1.642283816939094	
-0.571301430042946	-3.101793395495777	2.5001344984576153	3.196250056693602	-0.29432465763019566	4.437095361927319	-2.002568558630176	2.5754304667242027	
-1.9759106919850487	-1.9236369611795456	4.104990332897732	-1.9319467618743988	0.28192673601968843	-3.4044929281423384	-3.6112371176947216	2.332834480513226	
-2.773133417077715	-1.7071130623834763	3.69895808684445	-1.4601080823851835	-2.0320314664455346	-5.445671003748207	-2.28932652083126	1.1965300773557526	
6.219149520833028	3.6215928065867775	1.007884955241086	4.6734554092892955	-2.647539339798226	1.8580347579142706	-6.586228322760915	2.9065891578305276	
5.519828124749021	3.737012717109274	4.026712383240928	-3.014090231346694	0.9208652601681278	-2.5083080630129815	2.89376364090474	-5.3746138877214165	
1.720795115201119	-2.2996552084689963	-0.5316883424563827	0.7806825093208185	-2.8824326305850843	2.859046903632693	-4.473627362356032	-0.048044236150809994	
-1.2864975568532593	-3.0822304753348733	3.3579666866104674	4.347534947073221	2.7602288554748604	4.884150525091408	-2.518606947890385	3.3518106914803374	
3.7593302542346376	-1.947324833331991	-6.354112100078195	0.8502054553719054	-1.6631471458309932	3.2950791491622016	0.2484934088854811	2.1491920101736035	
1.6164916375961096	-4.204040755039664	2.7222704757997547	3.9987632791175898	1.7992624347212747	3.520034104869797	-2.72103969541545	4.545047483698697	
-3.913386520753223	-4.160544129653966	3.0922575313641203	-1.7998454451127583	-1.4078035867062137	-4.366079562118191	-2.8206801948999325	1.622676903752383	
-0.3239599628308588	-3.5295431819997276	2.5634384988495316	5.223182448677738	3.384801794226075	3.8262587353008684	-2.4291178702893204	4.101200694791695	
1.2901750122328286	-0.10767517991392417	1.374854011104612	3.2089155274482972	3.784390518572267	2.4652611684571406	4.968584846557162	3.8043432945864515	
1.8622992976540609	4.025845621926017	-0.46195176895150514	4.891487826319917	-2.987860211409762	1.4701448608019363	-4.304465974063494	2.9803118414828296	
1.4110791778834333	2.021667375315587	2.044238914210383	3.56721240266677	-0.6632642396136743	2.8699129089394377	6.531130733704662	3.931747011307506	
-4.227076058247712	3.0549407021576966	0.013181919726875213	-0.8326301405646287	-0.7281591417759226	-2.8670526349252645	-4.689771177352715	-4.3669248158080896	
2.1955453076017886	-1.263742178423886	1.0169013393827	1.175741586781319	-2.8004718664897377	1.807639672419223	-3.5345011967636495	1.2670646398611078	
5.438830647344073	-1.4359012724255282	-5.921070435342098	1.6150619161631197	-0.9078825757324558	3.6860244913140834	2.736805567653228	2.232587534659301	
-1.9127229294177734	-0.26995304046522794	3.9998486415749737	-2.8298529803398407	-1.6945587102321544	-3.670689988659415	-2.3239740454562847	-0.9520693445659514	
2.873507382728696	3.940269737623433	1.3962655714134065	4.958567739735859	-2.4287638025800007	1.3369214573106867	-3.2027977537680705	2.7321695550466254	
5.298194291167268	0.23053747290227844	-5.117684664679437	2.6173954393940653	-3.024328787299001	3.809719945094084	1.3999865476007436	1.5749768243830295	
5.155425632932849	5.030677526615127	3.0343240281578097	-3.5251324738187386	0.943824850344685	-2.577271879400071	4.269351104706988	-2.283387382189279	
-2.6356293563525055	-1.8791804925844866	2.553543207611825	4.251309118604889	-1.1387630534004383	4.728284564921912	-3.0916010342391	4.80814642773547	
0.12614974936318285	-4.837222434507297	2.296044072892437	3.590640819558096	0.1145974190555894	4.157979623668001	-3.5489529983923367	4.14994061616922	
-3.2665322259754044	0.9401966405812281	-5.34329230984823	-1.5732282164029958	-2.7062677359988863	2.7684105478715555	-0.8695601423309326	-2.031145602259787	
-0.19034147393745005	-1.6871449198446358	0.7612025724013173	2.3597650732773188	-1.4285451322967373	2.5552452691190233	-3.6479014054423518	4.237634395556343	
-4.494441638939554	2.5683643632726927	-0.5466304928066315	0.7114561957866854	-0.06951839161476192	-5.03069618212116	-3.836606227315667	-3.9094869089682307	
-6.427164720146591	-0.844312725890067	-5.015060767848906	-1.8606852889814587	-4.314592824845281	1.7283178337744538	-0.8083131851999723	-1.2382814486147244	
-5.2206821276175654	-3.4362140467521707	-0.5733981864877125	-2.6896464604809105	-2.986740000448038	4.698646745679862	-2.2883078384979827	-1.9829671963041366	
-5.946185672461386	-0.4846302606919961	-4.122852463748175	-2.3752659063372628	-3.4185453363683633	2.6449556761452833	0.15431660135934955	-1.1532850227793636	
4.378079787917617	-0.932725545501011	-5.491179838788151	2.563846123803361	-3.088696867687055	5.10295701301043	2.4395769972862267	2.437101807279571	
-1.342053076413162	-4.3578159202906885	3.769412608775605	2.769230110948505	1.591263735372301	4.559856946025746	-1.9485854368886688	5.375206865740196	
-3.28954705680187	2.8484741057291774	1.5160629867055098	-0.538826389643493	1.618968342783793	-2.9655979629798956	-6.2930408626678656	-4.647388032478281	
-0.8710374190206422	-1.4136322119080325	1.0045803933757251	2.2280682652705206	-2.1707506682164235	4.03535609166092	-3.4746762468356946	0.6886539916221481	
5.411610759351211	-1.5547769306848407	-5.19861171279315	2.849020951001364	-1.7556338809062302	3.371230828549064	1.7295266778812481	1.3666230329859432	
-1.6288829400139728	-0.8786104293621216	-3.786105181534851	-1.0441838060538837	-4.483119890207627	4.781464605932576	0.21923858165018784	-2.4084619194001373	
-4.957227037406703	-0.05265791055189323	-5.614335195806715	-2.226302832145537	-3.0750805536545593	4.48180370839504	-1.3640570615462093	-2.0335437801660254	
-0.8348535443467201	-3.1651611755286546	2.219932763341977	5.893895432606466	0.32941046521316664	3.1972102292233213	-1.479709574128509	5.296510125699104	
0.326258380009781	0.12815730629552968	2.2761000607735156	1.143961792903782	-2.1075739610249515	1.9547111444934555	-3.4348885462342884	1.6666501953557913	
3.3604049367509705	3.600093896347653	-0.37667097681790884	3.1404771262185913	-3.187826204785451	0.4787514949895555	-2.86320923392221	2.6109973268575883	
1.2288135509064604	-1.585527009157819	1.3122265546232175	-0.038205963108695395	-3.2202190102036523	3.1573020241111904	-4.1674477397414655	1.993978589064577	
3.986817647347949	2.3385542000797734	3.3604618249189686	4.167024823737667	-0.5025242320242087	3.131659185807087	2.5698944977802576	3.7322593746564516	
0.5824559013883134	-2.770507979338387	2.685837936385553	5.370669850969491	-1.1691990129631415	3.7744159947264784	-2.9992485525987096	3.613216973082407	
1.0117511332031568	-2.3354287637700484	2.7222117026354513	2.8155485351968275	1.2256107444640594	5.21440898717632	-3.12817941681279	3.8895952252884136	
-2.8962676290646265	-1.5311444279701119	3.74227876681526	-1.8998686806966674	-2.2209763126206057	-2.881557254347748	-2.9895441136828733	-0.782378503544715	
-4.928200002969039	0.1477998085012415	-6.3506131456606845	-1.395690397938656	-4.025668636413534	3.9296474088658195	-0.1385374575104546	-1.4015917630120545	
-1.9393914944383888	-2.7932408407222207	3.46539583830044	-3.60989935261828	-0.13050444892867263	-4.268343208830928	-2.596226132991232	-0.13885986852458143	
6.167560893987368	-0.09784097166551065	-5.428745851793222	2.2822141697380407	-2.5742160267256167	4.68543479348455	-0.1948222338872334	1.8346259236595723	
-0.14144904302707292	-1.1741495530622454	4.005131126298749	4.6131400578184065	-1.8429921366568456	4.544246099494934	-3.212506613649034	6.939904933993956	
-4.122267284653981	1.2749992968343864	-4.411585280418629	-2.619733739811408	-4.3832066185920695	3.4867135442565154	-0.21318235571029587	-1.3476378557855606	
-1.4698791307148147	-3.2311497450655557	1.146540997570282	5.189239364941917	1.6535649631625644	3.580426442017868	-3.028706897793292	4.281570152942881	
-2.0327964619060483	-2.1918102239211685	5.913322903288614	-2.7810733414265787	-1.1406272543393983	-4.008867989349697	-2.9918644626785635	-0.2636208552477892	
-3.964360516608013	0.9718218899714518	-0.14785063965088302	1.2879461245869799	0.7768915825304106	-4.300772294398724	-5.601812853426276	-5.965091656333541	
1.2639684058791762	-1.7503168136768508	2.54097970796968	2.6699262040599256	-2.327711999881974	3.724390903748871	-1.7996960952788064	1.9333639613584865	
-3.1394576102874905	-3.0878648599687017	3.900052461220901	-1.3885749762148145	-1.1049903781678931	-3.432433246568085	-5.317922932938281	0.563607403673726	
-1.43983096214457	-3.0209772164341424	2.7886893117401796	4.606594239777349	-0.359048540249574	4.227262023092498	-1.5399039284575538	3.9095116200434177	
-2.5449039966394817	2.642011757061442	-0.4376401411173554	0.5501049948077066	1.0376384638165024	-1.3191310252899515	-4.815196919571361	-6.594646159025412	
-4.585112347673167	-0.5103662948558899	-5.0411980113587385	-0.24271131466423612	-5.07695910139812	3.2215683445139542	-1.7177241326735284	-2.865593577845918	
0.41691157370103454	-1.3015578272767208	0.6579220343644949	0.03523295378765401	-0.9965342931970003	2.6241806461509727	-5.014651804441076	2.4871511478555917	
0.21322627451786974	-0.8457560369405953	2.192282911948766	0.21234289372310222	-1.776701811530343	2.721926630779031	-5.425507553984016	1.7659579755344674	
3.1902871336227383	1.0615105569342238	4.190022702544064	2.640255372835256	1.8230724137232197	3.2171360030655096	3.60358917131297	3.2730932738180276	
-3.7810664315815563	-2.340353240389301	4.922653218842265	-2.4028467904472826	0.06321603297213008	-2.9721394297573784	-1.934231212908115	0.22166983149882025	
-4.413205123323407	1.761751065949451	0.5743877270152885	-0.5099186076000919	0.7575851683539248	-5.532332432906021	-5.857190390425775	-6.038450988565679	
-2.717607032403909	-3.470853438405415	-3.4243540555686076	-1.0307279219145562	-1.3597613930299892	-0.14966495675942104	-0.8377051550409456	-4.405224951774208	
3.117369503482	4.1237644103315345	1.6790478233961226	1.5137390062314062	-4.099084314237262	2.6320573422136273	-0.908697117692979	1.6427865698861241	
1.2607494540374948	-1.5472587239214197	1.3776855443831786	0.24237321768606296	-0.5602089493091764	2.991819741966422	-2.790455369915973	1.1012581368470242	
0.7892459746636823	-1.4039077907489168	1.0791367415250281	1.0887213170650627	-3.042381943100885	1.4545616017283218	-2.2500423731674895	0.9433584680167935	
6.197625257407155	-2.4136934715457627	-4.313032106866891	1.6719374337410096	-1.8105822169028594	4.208561838835987	1.7224370297441172	2.0087972759649553	
0.5178122686947766	0.17059254236698362	0.597459622700401	-0.17478280772803934	-1.787619952564047	2.475879012477656	-2.9824511072468614	1.823136125165093	
-3.029283247302542	-1.6073343473206192	4.62173413744518	-3.1098038645555475	-0.7923329648151507	-5.800370685557324	-3.019692897709996	2.724236956985139	
-4.61089683066	-2.1649817758751317	-2.7163980778593477	-4.398683982377508	-3.360008759648929	1.6374002054716543	-0.06030826034141645	-3.3950611013026184	
2.524592137826832	3.4468094678072263	-1.1689107153405303	1.8780658754758515	-3.0885809755570217	3.1559159211065086	-3.1101358582168412	0.281223695038364	
-4.254005209305313	2.468827141119063	-5.539404562192937	-1.2330430494131823	-5.066878442242079	3.7127272861316385	1.4371545175999496	-0.9579062521958326	
0.06571010620850481	-1.3789734518545522	1.9425414910619527	1.108422745791854	-3.434542968608377	1.7718135034051183	-4.0004149734142365	1.9046819723853843	
0.7517810070235659	-0.4675023924569959	2.273100109723292	1.1444184108191082	-0.7094898867715584	3.5315848548203927	-2.093743642138554	1.103147829961364	
-5.206197519118158	0.11235413903352039	-4.977610052846059	-3.037761904694185	-4.074222828295335	3.967617089953625	-0.31914064779276424	-1.3176475551138336	
2.996264479500416	-2.6049142415639777	2.3843542594328184	0.14406444199896806	-2.4932073098354532	3.550316704387747	-1.6065947598964165	1.5692094708149178	
0.641966429744457	-4.077266964613669	3.4348767360446826	-2.251479818480119	1.0935357453030299	-6.085961560431197	-5.289329698157623	2.345467715204217	
3.5024600049904207	1.8931191372289855	3.445320973103115	3.8949507786364643	0.82292293024829	3.109240917582798	3.98993092738951	4.223428094423046	
-4.065217219439679	1.5196379087206453	-0.7597287513193693	-0.20699902498151707	-0.028747595799406778	-4.595816690469255	-4.447362122236789	-6.151166452837894	
0.42500102026507425	0.09376325694380827	1.6487171410928834	-0.0020932880442334767	-1.8964493171631613	3.342700818580174	-2.4870667654308267	1.459698710810574	
-1.596671633262077	-0.9649623515844713	3.6920687802759105	-1.689780065458747	-1.6780391359183562	-4.300670172478185	-4.706496348195569	0.3973174657418578	
-3.926991789744004	0.9873891408492155	0.900049443260518	0.3597449102772901	0.24558587581083113	-2.8536420908476177	-4.237034472720844	-5.719873822400121	
2.691918864615163	3.81211323963224	1.1084815384908402	4.208744232358606	-3.7245769000002578	-0.1924628365197183	-4.234014781092555	3.278949349313316	
-4.574728247057371	-1.647258582539489	-3.613909374353268	-2.2139816882748815	-1.0659316016779303	3.978254466619931	-1.7470529547709757	-4.5372001846245835	
-3.7730900844053163	-3.92024205473227	-4.003783137333509	-3.1631067619391726	-3.479871692422401	2.712703588272523	-2.9707772570261777	-4.0982241641572195	
-0.891431613763692	-3.580126839342007	2.167638769216995	6.036951451564288	1.5123404390154085	4.2059516496893625	-2.36642064603136	4.711977528524949	
-4.969778009519541	-0.7209965137887372	-7.412053093622825	-2.4107024763246425	-4.364516926049003	1.8707011183681634	-2.0698294307632015	-1.4726397847641266	
5.710800722657056	-1.8005676436894469	-4.614242203314017	2.8983990360429046	-2.956396706206358	3.5784855959589925	1.8775439467909039	2.8588295340254932	
-5.001425035114594	-1.0961018930499487	-6.807782494743267	-1.4821590335677874	-4.24840936787898	4.01044032277127	1.9208525661333393	-0.9629190772254452	
5.360528813125623	-3.423958282693515	-4.307640568144413	1.3733886583242803	-3.3847385673948445	4.074505666531963	0.5520376730880311	1.926354930093345	
-2.6414329575058133	-3.107071494233499	4.228078839043052	-2.163813140017153	-1.657935115747748	-4.465416313055079	-2.8059826180792897	0.5722317876777424	
3.015415883431741	-2.79004935269618	-5.162771570443187	2.393754076408475	-3.2408441584776515	4.4766295504816025	1.637845738202441	0.9407906017130638	
-5.798985455709624	-3.0115901831295573	-3.444730786023661	-3.3494762345722133	-1.0757594844180272	1.695077144029137	-1.4094356297364659	-3.0750342535409807	
-5.465720494129621	0.7651791588251728	-3.4751255133072947	-2.0592022458698396	-2.522593833617724	2.6321472306943123	-0.7102298790178421	-1.606763534568242	
-3.313817331023797	3.042196054261696	-0.07724327262288477	-0.3666686912317096	0.6578468531592074	-2.533323835785908	-5.154243858678411	-5.150490738116312	
-0.6050171038595022	-2.2271113184201603	5.525933491865607	-1.959977513397026	-0.6004512654111195	-4.209876094196909	-2.2897831982312806	1.7937201591956646	
0.5462431136894126	-2.0613959068807	2.5580281927816513	2.415362144877416	-3.5536330927646462	1.866225690603608	-3.192031417022286	1.1947082411726375	
4.432505162929043	4.899715218569303	1.3571264806728214	2.7116299688014287	-3.571393341781124	2.012108879116416	-4.749023563951387	2.687811690845677	
6.505458823841508	1.2474545609965784	4.347704436330257	3.6387176806672716	1.9414052616457753	1.5685644543964994	4.692145554316228	4.877068738918538	
2.2096307842242764	-1.498143586128617	2.4431229766922726	0.11390403779576197	-2.829548368675219	4.08629328033794	-3.906148329708814	1.3572598424318074	
4.951194571460725	4.651266900229135	0.5961614445326737	2.4111615247669445	-2.753284164036384	3.6412076930642048	-6.295007887347675	2.746807102900767	
2.557327664429569	3.6667630857965863	1.2929515456546996	3.613073669469631	-2.0692492577324746	2.5108782806580727	-4.009305407815695	2.9912486526675557	
-2.5707856873861954	0.08498433177608866	-4.729189858819314	-2.2934056742610256	-3.8714211274278543	3.1338926796186124	-1.132855758414667	-1.3975552079780464	
-0.18949281673202317	-2.7540182726370706	2.870664432479992	3.369357210766628	1.4747259478940622	4.545733451036681	-3.64188592873542	4.427626771568508	
4.9774219426568775	2.958066635419693	0.6379544328919999	3.744439423930049	-4.545117602240959	1.1190844076752737	-4.4966194395086045	2.2238585416784016	
-1.6951132424400939	-4.53630254435575	1.7308047255785053	5.099891157873022	2.231999808074126	4.697428133569907	-3.6511026996487104	4.696950995904463	
-0.5120284955714134	-4.687275254045419	2.434895556858175	5.902909548373923	2.370537231021609	3.2168468636921563	-1.6632408933695206	4.692819532674459	
0.17235396572416012	-2.3379893264300375	2.730710631131285	0.8958396901647336	-1.7902877512401665	2.524902428012327	-4.458548169669346	1.3916418862082014	
